encode_id,sequence,codec,factors,extra_arm,group,d_known,file_bytes,packet_bytes,bitrate_kbps,psnr_y,mean_i_qp,mean_p_qp,mean_b_qp,n_I,n_P,n_B,n_frames,slices_min,slices_max,sei_threads,sei_sliced_threads,sei_slices,overlap_cells_total,n_group_frames,n_vectors,epe_median,epe_mean,epe_gt3_area_pct,block_excluded_area_share,cell_excluded_share,mv_coverage_pct,zero_mv_share,false_static_of_zero,false_static_of_valid,zero_cells,false_static_cells,valid_cells,tau,stale_of_valid,missed_of_valid,stale_of_reuse,reuse_cells,gt_static_cells,tp_cells,missed_cells,stale_cells,precision,recall,stale_cells_2_8,stale_of_valid_2_8,stale_cells_8_16,stale_of_valid_8_16,stale_cells_16_32,stale_of_valid_16_32,stale_cells_32_inf,stale_of_valid_32_inf,flip_x264ref,flip_x264ref_id,flip_x264ref_cells,flip_x264ref_den,flip_ownref,flip_ownref_id,flip_ownref_cells,flip_ownref_den
x264_crf12,alley_1,libx264,crf,False,d1,True,1481014,1479954,5683.02336,48.177887054139504,13.294084821428571,13.786203990524783,,1,49,0,50,1,1,1,0,,0,49,185374,0.20339428453927752,0.4495429630434405,2.15211701308699,0.02424734090499369,0.01827841228234417,96.39187546189238,0.0011450461296397835,0.494469746258946,0.000566190669177772,1537,760,1342304,0.5,0.0001512325076882733,0.0011584559086466255,0.031938325991189426,6356,2272,717,1555,203,0.11280679672750157,0.31558098591549294,203,0.0001512325076882733,0,0.0,0,0.0,0,0.0,0.0,x264_crf12,0,0,0.0,x264_crf12,0,0
x264_crf12,alley_1,libx264,crf,False,d1,True,1481014,1479954,5683.02336,48.177887054139504,13.294084821428571,13.786203990524783,,1,49,0,50,1,1,1,0,,0,49,185374,0.20339428453927752,0.4495429630434405,2.15211701308699,0.02424734090499369,0.01827841228234417,96.39187546189238,0.0011450461296397835,0.494469746258946,0.000566190669177772,1537,760,1342304,1.0,0.0005535258778935323,0.0005408610866092927,0.007741922038949266,95971,2272,1546,726,743,0.01610903293703306,0.6804577464788732,717,0.0005341561971058717,22,1.6389729897251294e-05,4,2.979950890409326e-06,0,0.0,0.0,x264_crf12,0,0,0.0,x264_crf12,0,0
x264_crf12,alley_1,libx264,crf,False,d1,True,1481014,1479954,5683.02336,48.177887054139504,13.294084821428571,13.786203990524783,,1,49,0,50,1,1,1,0,,0,49,185374,0.20339428453927752,0.4495429630434405,2.15211701308699,0.02424734090499369,0.01827841228234417,96.39187546189238,0.0011450461296397835,0.494469746258946,0.000566190669177772,1537,760,1342304,2.0,0.004903509190168546,0.00022722125539371111,0.0067464929921342166,975618,2272,1967,305,6582,0.002016157963465209,0.8657570422535211,6378,0.0047515316947576705,197,0.0001467625813526593,6,4.469926335613989e-06,1,7.449877226023315e-07,0.0,x264_crf12,0,0,0.0,x264_crf12,0,0
x264_crf12,ambush_5,libx264,crf,False,d1,True,1718277,1717217,6594.1132800000005,49.594468908936605,13.029017857142858,13.3586916909621,,1,49,0,50,1,1,1,0,,0,49,100498,0.6696617388865675,4.43312222067509,28.070352025004635,0.03926608306188925,0.13566411369593712,63.52395450003088,0.007710252893248706,0.8754389815627743,0.006749855940457081,9112,7977,1181803,0.5,0.0057031501866216285,0.005018602931283809,0.3869115958668197,17420,6999,1068,5931,6740,0.06130884041331802,0.15259322760394342,4692,0.003970204848016124,744,0.0006295465487902806,953,0.000806394974458518,351,0.00029700381535670495,0.0,x264_crf12,0,0,0.0,x264_crf12,0,0
x264_crf12,ambush_5,libx264,crf,False,d1,True,1718277,1717217,6594.1132800000005,49.594468908936605,13.029017857142858,13.3586916909621,,1,49,0,50,1,1,1,0,,0,49,100498,0.6696617388865675,4.43312222067509,28.070352025004635,0.03926608306188925,0.13566411369593712,63.52395450003088,0.007710252893248706,0.8754389815627743,0.006749855940457081,9112,7977,1181803,1.0,0.00913265578103965,0.004323901699352599,0.32940637875782086,32765,6999,1889,5110,10793,0.05765298336639707,0.2698956993856265,7709,0.006523083796538002,1247,0.0010551674009966127,1278,0.001081398507196208,559,0.00047300607630882644,0.0,x264_crf12,0,0,0.0,x264_crf12,0,0
x264_crf12,ambush_5,libx264,crf,False,d1,True,1718277,1717217,6594.1132800000005,49.594468908936605,13.029017857142858,13.3586916909621,,1,49,0,50,1,1,1,0,,0,49,100498,0.6696617388865675,4.43312222067509,28.070352025004635,0.03926608306188925,0.13566411369593712,63.52395450003088,0.007710252893248706,0.8754389815627743,0.006749855940457081,9112,7977,1181803,2.0,0.022043437019537097,0.00279572822204716,0.2832400108725197,91975,6999,3695,3304,26051,0.04017396031530307,0.5279325617945421,19382,0.0164003645277597,2407,0.0020367184716911365,3061,0.0025901101960309797,1201,0.0010162438240552782,0.0,x264_crf12,0,0,0.0,x264_crf12,0,0
x264_crf12,ambush_7,libx264,crf,False,d1,True,1206289,1205229,4628.079360000001,50.42267857378586,11.671875,12.172911352040817,,1,49,0,50,1,1,1,0,,0,49,131486,0.48850109224742044,1.9937587896171076,14.128899986438299,0.03411157343196178,0.023840485161954694,75.40336810022335,0.13292510146482464,0.0026829749457486685,0.00035663471689122416,177415,476,1334699,0.5,0.0004442949309170083,0.5270589099115232,0.0016659596405123177,355951,1058347,354882,703465,593,0.9969967776463614,0.33531724472219415,417,0.0003124299935790766,159,0.00011912798316324504,0,0.0,17,1.2736954174686577e-05,0.0,x264_crf12,0,0,0.0,x264_crf12,0,0
x264_crf12,ambush_7,libx264,crf,False,d1,True,1206289,1205229,4628.079360000001,50.42267857378586,11.671875,12.172911352040817,,1,49,0,50,1,1,1,0,,0,49,131486,0.48850109224742044,1.9937587896171076,14.128899986438299,0.03411157343196178,0.023840485161954694,75.40336810022335,0.13292510146482464,0.0026829749457486685,0.00035663471689122416,177415,476,1334699,1.0,0.0006975355492137179,0.45673294128488895,0.002063290494015128,451221,1058347,448746,609601,931,0.9945148829509265,0.42400649314449795,733,0.0005491874947085448,168,0.00012587107654984383,0,0.0,30,2.2476977955329253e-05,0.0,x264_crf12,0,0,0.0,x264_crf12,0,0
x264_crf12,ambush_7,libx264,crf,False,d1,True,1206289,1205229,4628.079360000001,50.42267857378586,11.671875,12.172911352040817,,1,49,0,50,1,1,1,0,,0,49,131486,0.48850109224742044,1.9937587896171076,14.128899986438299,0.03411157343196178,0.023840485161954694,75.40336810022335,0.13292510146482464,0.0026829749457486685,0.00035663471689122416,177415,476,1334699,2.0,0.0024986907160341023,0.34252891475905806,0.005441548630475609,612877,1058347,601174,457173,3335,0.9809048145060102,0.5680310899922237,3102,0.0023241195205810448,200,0.00014984651970219502,2,1.4984651970219502e-06,31,2.322621055384023e-05,0.0,x264_crf12,0,0,0.0,x264_crf12,0,0
x264_crf12,bandage_2,libx264,crf,False,d1,True,1799462,1798402,6905.8636799999995,48.457321324674325,11.520089285714286,13.090766217201166,,1,49,0,50,1,1,1,0,,0,49,156079,0.11484501752028013,0.5414822002664195,4.108169843880185,0.019499314632594116,0.020905495225613135,95.33895266494959,0.41532084570841227,0.002620527163014056,0.0010883595575448641,555995,1457,1338712,0.5,0.0010853716109215424,0.06686800446996814,0.002211971745219827,656880,737883,648366,89517,1453,0.9870387285348922,0.878684019011144,1420,0.00106072105127914,33,2.465055964240255e-05,0,0.0,0,0.0,0.0,x264_crf12,0,0,0.0,x264_crf12,0,0
x264_crf12,bandage_2,libx264,crf,False,d1,True,1799462,1798402,6905.8636799999995,48.457321324674325,11.520089285714286,13.090766217201166,,1,49,0,50,1,1,1,0,,0,49,156079,0.11484501752028013,0.5414822002664195,4.108169843880185,0.019499314632594116,0.020905495225613135,95.33895266494959,0.41532084570841227,0.002620527163014056,0.0010883595575448641,555995,1457,1338712,1.0,0.002202116661387961,0.041953011551401645,0.003981792887340113,740370,737883,681720,56163,2948,0.9207828518173345,0.9238863071787804,2895,0.002162526368628951,48,3.585535947985825e-05,5,3.734933279151901e-06,0,0.0,0.0,x264_crf12,0,0,0.0,x264_crf12,0,0
x264_crf12,bandage_2,libx264,crf,False,d1,True,1799462,1798402,6905.8636799999995,48.457321324674325,11.520089285714286,13.090766217201166,,1,49,0,50,1,1,1,0,,0,49,156079,0.11484501752028013,0.5414822002664195,4.108169843880185,0.019499314632594116,0.020905495225613135,95.33895266494959,0.41532084570841227,0.002620527163014056,0.0010883595575448641,555995,1457,1338712,2.0,0.00899596029616527,0.024589306736624458,0.013301406129713837,905393,737883,704965,32918,12043,0.7786287280771996,0.9553885914162543,11838,0.008842828031720042,180,0.00013445759804946844,17,1.2698773149116465e-05,8,5.975893246643042e-06,0.0,x264_crf12,0,0,0.0,x264_crf12,0,0
x264_crf18,alley_1,libx264,crf,False,d1,True,625207,624163,2396.78592,44.34740152082734,19.290178571428573,19.77998587827988,,1,49,0,50,1,1,1,0,,0,49,150366,0.2115641042677319,0.4887636219288223,2.54342902019764,0.030847399849539214,0.01827841228234417,98.11555355567741,0.0010102033518487616,0.6910029498525073,0.0006980534960783847,1356,937,1342304,0.5,0.0002033816482704365,0.0011249314611295207,0.04325780383457455,6311,2272,762,1510,273,0.12074156235144985,0.335387323943662,272,0.00020263666054783417,1,7.449877226023315e-07,0,0.0,0,0.0,0.006627679741621419,x264_crf12,9062,1367296,0.006627679741621419,x264_crf12,9062,1367296
x264_crf18,alley_1,libx264,crf,False,d1,True,625207,624163,2396.78592,44.34740152082734,19.290178571428573,19.77998587827988,,1,49,0,50,1,1,1,0,,0,49,150366,0.2115641042677319,0.4887636219288223,2.54342902019764,0.030847399849539214,0.01827841228234417,98.11555355567741,0.0010102033518487616,0.6910029498525073,0.0006980534960783847,1356,937,1342304,1.0,0.0006682539871742914,0.0005408610866092927,0.009694886676826303,92523,2272,1546,726,897,0.016709358754039536,0.6804577464788732,864,0.0006436693923284145,30,2.2349631678069944e-05,3,2.2349631678069946e-06,0,0.0,0.07904652686762778,x264_crf12,108080,1367296,0.07904652686762778,x264_crf12,108080,1367296
x264_crf18,alley_1,libx264,crf,False,d1,True,625207,624163,2396.78592,44.34740152082734,19.290178571428573,19.77998587827988,,1,49,0,50,1,1,1,0,,0,49,150366,0.2115641042677319,0.4887636219288223,2.54342902019764,0.030847399849539214,0.01827841228234417,98.11555355567741,0.0010102033518487616,0.6910029498525073,0.0006980534960783847,1356,937,1342304,2.0,0.005705860967411257,0.0001653872744177176,0.007780990366973409,984322,2272,2050,222,7659,0.002082651815158048,0.9022887323943662,7428,0.005533768803490119,221,0.00016464228669511527,9,6.7048895034209835e-06,1,7.449877226023315e-07,0.06093194158397304,x264_crf12,83312,1367296,0.06093194158397304,x264_crf12,83312,1367296
x264_crf18,ambush_5,libx264,crf,False,d1,True,776940,775896,2979.4406400000003,45.91790879547648,19.032924107142858,19.47336233600583,,1,49,0,50,1,1,1,0,,0,49,94931,0.9381841525214497,5.087330764370756,31.44359837724513,0.052303378517855915,0.13566411369593712,74.20703789040982,0.009620046657522446,0.8417626880112586,0.00809779633322982,11369,9570,1181803,0.5,0.006376697300649939,0.004603982220386985,0.40936498451844205,18409,6999,1558,5441,7536,0.08463251670378619,0.22260322903271895,4239,0.003586892231615591,1001,0.0008470108808320845,1619,0.0013699406753917532,677,0.0005728535128105108,0.02023848530237783,x264_crf12,27672,1367296,0.02023848530237783,x264_crf12,27672,1367296
x264_crf18,ambush_5,libx264,crf,False,d1,True,776940,775896,2979.4406400000003,45.91790879547648,19.032924107142858,19.47336233600583,,1,49,0,50,1,1,1,0,,0,49,94931,0.9381841525214497,5.087330764370756,31.44359837724513,0.052303378517855915,0.13566411369593712,74.20703789040982,0.009620046657522446,0.8417626880112586,0.00809779633322982,11369,9570,1181803,1.0,0.009796895083190683,0.00376543298671606,0.33794512551079975,34260,6999,2549,4450,11578,0.07440163455925278,0.36419488498356906,7286,0.006165156121620947,1504,0.0012726317330384166,2006,0.001697406420528633,782,0.0006617008080026874,0.030555197996629844,x264_crf12,41778,1367296,0.030555197996629844,x264_crf12,41778,1367296
x264_crf18,ambush_5,libx264,crf,False,d1,True,776940,775896,2979.4406400000003,45.91790879547648,19.032924107142858,19.47336233600583,,1,49,0,50,1,1,1,0,,0,49,94931,0.9381841525214497,5.087330764370756,31.44359837724513,0.052303378517855915,0.13566411369593712,74.20703789040982,0.009620046657522446,0.8417626880112586,0.00809779633322982,11369,9570,1181803,2.0,0.024172387445284875,0.0024454160295751494,0.29525089142679967,96755,6999,4109,2890,28567,0.042468089504418376,0.5870838691241606,20179,0.01707475780650413,3336,0.0028228054929628713,3704,0.0031341941084935478,1348,0.0011406300373243256,0.048785339824002995,x264_crf12,66704,1367296,0.048785339824002995,x264_crf12,66704,1367296
x264_crf18,ambush_7,libx264,crf,False,d1,True,535232,534188,2051.28192,46.83545101447913,17.681361607142858,18.21539039723032,,1,49,0,50,1,1,1,0,,0,49,110863,0.7262537387366065,2.92908308690175,19.770270317840836,0.038344617467840215,0.023840485161954694,85.58041925557748,0.13985400453585414,0.002812555246620916,0.00039334711421826196,186663,525,1334699,0.5,0.00043455490713636556,0.5327306006822512,0.0016634020012446836,348683,1058347,347312,711035,580,0.9960680618211958,0.3281645811817863,409,0.0003064361327909888,146,0.00010938795938260237,1,7.492325985109751e-07,24,1.7981582364263403e-05,0.14743991059726644,x264_crf12,201594,1367296,0.14743991059726644,x264_crf12,201594,1367296
x264_crf18,ambush_7,libx264,crf,False,d1,True,535232,534188,2051.28192,46.83545101447913,17.681361607142858,18.21539039723032,,1,49,0,50,1,1,1,0,,0,49,110863,0.7262537387366065,2.92908308690175,19.770270317840836,0.038344617467840215,0.023840485161954694,85.58041925557748,0.13985400453585414,0.002812555246620916,0.00039334711421826196,186663,525,1334699,1.0,0.0006728108734628557,0.45413909802884395,0.001974568090715792,454783,1058347,452208,606139,898,0.9943379589826357,0.427277632005382,698,0.0005229643537606606,164,0.00012287414615579992,3,2.2476977955329254e-06,33,2.472467575086218e-05,0.1369359670473694,x264_crf12,187232,1367296,0.1369359670473694,x264_crf12,187232,1367296
x264_crf18,ambush_7,libx264,crf,False,d1,True,535232,534188,2051.28192,46.83545101447913,17.681361607142858,18.21539039723032,,1,49,0,50,1,1,1,0,,0,49,110863,0.7262537387366065,2.92908308690175,19.770270317840836,0.038344617467840215,0.023840485161954694,85.58041925557748,0.13985400453585414,0.002812555246620916,0.00039334711421826196,186663,525,1334699,2.0,0.0028785516434791667,0.3250028658146893,0.006033016712492679,636829,1058347,624566,433781,3842,0.980743653319808,0.5901334817408657,3531,0.0026455403053422533,273,0.00020454049939349622,4,2.9969303940439004e-06,34,2.5473908349373154e-05,0.12185656946264745,x264_crf12,166614,1367296,0.12185656946264745,x264_crf12,166614,1367296
x264_crf18,bandage_2,libx264,crf,False,d1,True,852444,851400,3269.376,43.97768049841262,17.520647321428573,19.409484329446062,,1,49,0,50,1,1,1,0,,0,49,139380,0.13017508188269397,0.6307008463844783,4.908350242976998,0.022848623743130715,0.020905495225613135,96.9304824338618,0.41798833505638255,0.003095255966230972,0.0012937808878982185,559566,1732,1338712,0.5,0.0010584800913116489,0.07381871530246983,0.002186222325079071,648150,737883,639061,98822,1417,0.9859770114942529,0.8660736187173306,1386,0.001035323504980907,31,2.3156586330741788e-05,0,0.0,0,0.0,0.0519916682269238,x264_crf12,71088,1367296,0.0519916682269238,x264_crf12,71088,1367296
x264_crf18,bandage_2,libx264,crf,False,d1,True,852444,851400,3269.376,43.97768049841262,17.520647321428573,19.409484329446062,,1,49,0,50,1,1,1,0,,0,49,139380,0.13017508188269397,0.6307008463844783,4.908350242976998,0.022848623743130715,0.020905495225613135,96.9304824338618,0.41798833505638255,0.003095255966230972,0.0012937808878982185,559566,1732,1338712,1.0,0.0025584292962190524,0.04508587358595426,0.004648536694937914,736791,737883,677526,60357,3425,0.9195633497151838,0.9182024792548412,3354,0.0025053932436550955,71,5.3036052563957e-05,0,0.0,0,0.0,0.04509484413031267,x264_crf12,61658,1367296,0.04509484413031267,x264_crf12,61658,1367296
x264_crf18,bandage_2,libx264,crf,False,d1,True,852444,851400,3269.376,43.97768049841262,17.520647321428573,19.409484329446062,,1,49,0,50,1,1,1,0,,0,49,139380,0.13017508188269397,0.6307008463844783,4.908350242976998,0.022848623743130715,0.020905495225613135,96.9304824338618,0.41798833505638255,0.003095255966230972,0.0012937808878982185,559566,1732,1338712,2.0,0.009827356444104483,0.024838800279671804,0.014508640559348016,906770,737883,704631,33252,13156,0.7770779800831523,0.9549359451295124,12823,0.009578609887712966,274,0.00020467434369752418,59,4.407221269399244e-05,0,0.0,0.030964765493353304,x264_crf12,42338,1367296,0.030964765493353304,x264_crf12,42338,1367296
x264_crf23,alley_1,libx264,crf|ref|preset|keyint|bframes|merange|encoder,False,d1,True,309219,308176,1183.3958400000001,41.14390008616146,24.289620535714285,24.821610787172013,,1,49,0,50,1,1,1,0,,0,49,118004,0.21612338425753988,0.523506074643634,2.912354389834862,0.03422886559428478,0.01827841228234417,98.5618012015162,0.0013201182444513315,0.5073363431151241,0.000669743962619496,1772,899,1342304,0.5,0.0002383960712327461,0.0012299747300164494,0.057183702644746245,5596,2272,621,1651,320,0.11097212294496069,0.2733274647887324,285,0.0002123215009416645,34,2.532958256847927e-05,1,7.449877226023315e-07,0,0.0,0.00679735770454971,x264_crf12,9294,1367296,0.00679735770454971,x264_crf12,9294,1367296
x264_crf23,alley_1,libx264,crf|ref|preset|keyint|bframes|merange|encoder,False,d1,True,309219,308176,1183.3958400000001,41.14390008616146,24.289620535714285,24.821610787172013,,1,49,0,50,1,1,1,0,,0,49,118004,0.21612338425753988,0.523506074643634,2.912354389834862,0.03422886559428478,0.01827841228234417,98.5618012015162,0.0013201182444513315,0.5073363431151241,0.000669743962619496,1772,899,1342304,1.0,0.0006451593677736191,0.0006175948220373328,0.010491882723527987,82540,2272,1443,829,866,0.017482432759874,0.6351232394366197,785,0.0005848153622428303,80,5.959901780818652e-05,1,7.449877226023315e-07,0,0.0,0.08107388597640891,x264_crf12,110852,1367296,0.08107388597640891,x264_crf12,110852,1367296
x264_crf23,alley_1,libx264,crf|ref|preset|keyint|bframes|merange|encoder,False,d1,True,309219,308176,1183.3958400000001,41.14390008616146,24.289620535714285,24.821610787172013,,1,49,0,50,1,1,1,0,,0,49,118004,0.21612338425753988,0.523506074643634,2.912354389834862,0.03422886559428478,0.01827841228234417,98.5618012015162,0.0013201182444513315,0.5073363431151241,0.000669743962619496,1772,899,1342304,2.0,0.006562596848403939,0.0001631523112499106,0.008967098921077518,982369,2272,2053,219,8809,0.0020898460761689347,0.9036091549295775,8535,0.006358470212410899,269,0.0002004016973800272,4,2.979950890409326e-06,1,7.449877226023315e-07,0.06800722008987081,x264_crf12,92986,1367296,0.06800722008987081,x264_crf12,92986,1367296
x264_crf23,ambush_5,libx264,crf|ref|preset|keyint|bframes|merange|encoder,False,d1,True,397812,396769,1523.59296,42.94021549809936,24.052455357142858,24.54940324344023,,1,49,0,50,1,1,1,0,,0,49,82926,1.2254862353769238,5.590065671379398,34.192868510473566,0.06291817815397018,0.13566411369593712,78.37473758316742,0.01838038996347107,0.8129546082312863,0.014942422721891889,21722,17659,1181803,0.5,0.010183592358455682,0.004268900992805061,0.4283832846871218,28094,6999,1954,5045,12035,0.06955221755534989,0.2791827403914845,7430,0.006287003840741647,1687,0.001427479876087639,2147,0.0018167156455009845,771,0.0006523929961254118,0.02662335002808463,x264_crf12,36402,1367296,0.02662335002808463,x264_crf12,36402,1367296
x264_crf23,ambush_5,libx264,crf|ref|preset|keyint|bframes|merange|encoder,False,d1,True,397812,396769,1523.59296,42.94021549809936,24.052455357142858,24.54940324344023,,1,49,0,50,1,1,1,0,,0,49,82926,1.2254862353769238,5.590065671379398,34.192868510473566,0.06291817815397018,0.13566411369593712,78.37473758316742,0.01838038996347107,0.8129546082312863,0.014942422721891889,21722,17659,1181803,1.0,0.014896729827221627,0.0036833550092528113,0.3964197252870975,44410,6999,2646,4353,17605,0.05958117541094348,0.3780540077153879,11094,0.009387351360590556,2251,0.0019047167759770453,3030,0.0025638790898313848,1230,0.0010407826008226413,0.03785720136678525,x264_crf12,51762,1367296,0.03785720136678525,x264_crf12,51762,1367296
x264_crf23,ambush_5,libx264,crf|ref|preset|keyint|bframes|merange|encoder,False,d1,True,397812,396769,1523.59296,42.94021549809936,24.052455357142858,24.54940324344023,,1,49,0,50,1,1,1,0,,0,49,82926,1.2254862353769238,5.590065671379398,34.192868510473566,0.06291817815397018,0.13566411369593712,78.37473758316742,0.01838038996347107,0.8129546082312863,0.014942422721891889,21722,17659,1181803,2.0,0.029500686662667128,0.00248095494765202,0.32491775472735573,107301,6999,4067,2932,34864,0.037902722248627695,0.5810830118588369,24031,0.02033418429298284,4070,0.003443890394591992,4744,0.004014205413254155,2019,0.0017084065618381405,0.05931122448979592,x264_crf12,81096,1367296,0.05931122448979592,x264_crf12,81096,1367296
x264_crf23,ambush_7,libx264,crf|ref|preset|keyint|bframes|merange|encoder,False,d1,True,274116,273073,1048.60032,43.87561846534486,22.640066964285715,23.24177751457726,,1,49,0,50,1,1,1,0,,0,49,95935,0.7746676303144766,3.1417238387882875,21.84288475238345,0.04029820475243379,0.023840485161954694,88.44683333096076,0.16377700140630957,0.002827171958845892,0.0004630257458797826,218593,618,1334699,0.5,0.0005888968224296265,0.5310358365444193,0.0022385190459238164,351125,1058347,349574,708773,786,0.9955827696689213,0.330301876416714,617,0.00046227651328127167,135,0.00010114640079898165,1,7.492325985109751e-07,33,2.472467575086218e-05,0.16577829526305934,x264_crf12,226668,1367296,0.16577829526305934,x264_crf12,226668,1367296
x264_crf23,ambush_7,libx264,crf|ref|preset|keyint|bframes|merange|encoder,False,d1,True,274116,273073,1048.60032,43.87561846534486,22.640066964285715,23.24177751457726,,1,49,0,50,1,1,1,0,,0,49,95935,0.7746676303144766,3.1417238387882875,21.84288475238345,0.04029820475243379,0.023840485161954694,88.44683333096076,0.16377700140630957,0.002827171958845892,0.0004630257458797826,218593,618,1334699,1.0,0.0009582684934955372,0.44871690171342005,0.002764980943465976,462571,1058347,459445,598902,1279,0.993242118507213,0.4341156539395869,1058,0.0007926880892246117,167,0.00012512184395133285,3,2.2476977955329254e-06,51,3.821086252405973e-05,0.1550198347687699,x264_crf12,211958,1367296,0.1550198347687699,x264_crf12,211958,1367296
x264_crf23,ambush_7,libx264,crf|ref|preset|keyint|bframes|merange|encoder,False,d1,True,274116,273073,1048.60032,43.87561846534486,22.640066964285715,23.24177751457726,,1,49,0,50,1,1,1,0,,0,49,95935,0.7746676303144766,3.1417238387882875,21.84288475238345,0.04029820475243379,0.023840485161954694,88.44683333096076,0.16377700140630957,0.002827171958845892,0.0004630257458797826,218593,618,1334699,2.0,0.003593319542458637,0.3230443718021816,0.00748940848351971,640371,1058347,627180,431167,4796,0.9794010034807947,0.5926033711060739,4460,0.0033415773893589493,267,0.00020004510380243037,5,3.746162992554876e-06,64,4.795088630470241e-05,0.13198605130125446,x264_crf12,180464,1367296,0.13198605130125446,x264_crf12,180464,1367296
x264_crf23,bandage_2,libx264,crf|ref|preset|keyint|bframes|merange|encoder,False,d1,True,440569,439526,1687.7798400000001,40.39701650225198,22.537388392857142,24.879156796647234,,1,49,0,50,1,1,1,0,,0,49,122514,0.1382535572032498,0.6747435419080179,5.3412526403633995,0.026042038823389305,0.020905495225613135,97.36821661417841,0.4362267612451371,0.005899154425992582,0.00257336902933566,583982,3445,1338712,0.5,0.002145345675544852,0.07599767537752705,0.004424069897839723,649176,737883,636144,101739,2872,0.9799253207142593,0.8621204174645574,2768,0.0020676590633384923,87,6.498783905724308e-05,17,1.2698773149116465e-05,0,0.0,0.06007770080509268,x264_crf12,82144,1367296,0.06007770080509268,x264_crf12,82144,1367296
x264_crf23,bandage_2,libx264,crf|ref|preset|keyint|bframes|merange|encoder,False,d1,True,440569,439526,1687.7798400000001,40.39701650225198,22.537388392857142,24.879156796647234,,1,49,0,50,1,1,1,0,,0,49,122514,0.1382535572032498,0.6747435419080179,5.3412526403633995,0.026042038823389305,0.020905495225613135,97.36821661417841,0.4362267612451371,0.005899154425992582,0.00257336902933566,583982,3445,1338712,1.0,0.00384996922414978,0.045373463448448954,0.006962785438402856,740221,737883,677141,60742,5154,0.9147822069354963,0.9176807163195249,4994,0.003730451359216919,136,0.00010159018519293172,24,1.7927679739929125e-05,0,0.0,0.05373379282905823,x264_crf12,73470,1367296,0.05373379282905823,x264_crf12,73470,1367296
x264_crf23,bandage_2,libx264,crf|ref|preset|keyint|bframes|merange|encoder,False,d1,True,440569,439526,1687.7798400000001,40.39701650225198,22.537388392857142,24.879156796647234,,1,49,0,50,1,1,1,0,,0,49,122514,0.1382535572032498,0.6747435419080179,5.3412526403633995,0.026042038823389305,0.020905495225613135,97.36821661417841,0.4362267612451371,0.005899154425992582,0.00257336902933566,583982,3445,1338712,2.0,0.012016027345687496,0.025689618080662606,0.017737855534506446,906874,737883,703492,34391,16086,0.7757329022554401,0.9533923399780182,15688,0.011718726656667006,332,0.00024799956973568625,54,4.033727941484053e-05,12,8.963839869964562e-06,0.03856516803969294,x264_crf12,52730,1367296,0.03856516803969294,x264_crf12,52730,1367296
x264_crf28,alley_1,libx264,crf,False,d1,True,161849,160806,617.49504,37.91611979794205,29.318080357142858,29.953774143586003,,1,49,0,50,1,1,1,0,,0,49,100937,0.22040807840991705,0.5914559513294368,3.631554793362479,0.03568350685952531,0.01827841228234417,98.62795611128328,0.0019891172193482252,0.6771535580524345,0.0013469378024650153,2670,1808,1342304,0.5,0.0005259613321572461,0.0012798889074308055,0.10942343459392437,6452,2272,554,1718,706,0.08586484810911345,0.2438380281690141,618,0.00046040241256824086,88,6.555891958900518e-05,0,0.0,0,0.0,0.007691092492042689,x264_crf12,10516,1367296,0.007691092492042689,x264_crf12,10516,1367296
x264_crf28,alley_1,libx264,crf,False,d1,True,161849,160806,617.49504,37.91611979794205,29.318080357142858,29.953774143586003,,1,49,0,50,1,1,1,0,,0,49,100937,0.22040807840991705,0.5914559513294368,3.631554793362479,0.03568350685952531,0.01827841228234417,98.62795611128328,0.0019891172193482252,0.6771535580524345,0.0013469378024650153,2670,1808,1342304,1.0,0.001330548072567764,0.0005974801535270699,0.020630703476955066,86570,2272,1470,802,1786,0.016980478225713296,0.6470070422535211,1639,0.0012210348773452214,147,0.00010951319522254273,0,0.0,0,0.0,0.08552646976221681,x264_crf12,116940,1367296,0.08552646976221681,x264_crf12,116940,1367296
x264_crf28,alley_1,libx264,crf,False,d1,True,161849,160806,617.49504,37.91611979794205,29.318080357142858,29.953774143586003,,1,49,0,50,1,1,1,0,,0,49,100937,0.22040807840991705,0.5914559513294368,3.631554793362479,0.03568350685952531,0.01827841228234417,98.62795611128328,0.0019891172193482252,0.6771535580524345,0.0013469378024650153,2670,1808,1342304,2.0,0.008309593057906406,0.00016613226214031994,0.011349321828671436,982790,2272,2049,223,11154,0.0020848807985429235,0.9018485915492958,10712,0.007980308484516176,436,0.0003248146470546165,5,3.7249386130116576e-06,1,7.449877226023315e-07,0.07522438447856207,x264_crf12,102854,1367296,0.07522438447856207,x264_crf12,102854,1367296
x264_crf28,ambush_5,libx264,crf,False,d1,True,216548,215505,827.5391999999999,40.12028881166147,29.066964285714285,29.837987427113706,,1,49,0,50,1,1,1,0,,0,49,75766,1.670963240515792,6.196614437031783,38.37505670804636,0.07727494139495235,0.13566411369593712,81.86220546063937,0.023237375433976727,0.8492098172019518,0.0197334073445405,27462,23321,1181803,0.5,0.015164964042230389,0.004319670875772019,0.54218726365149,33055,6999,1894,5105,17922,0.057298441990621694,0.2706100871553079,9654,0.00816887416938356,2477,0.002095950001819254,4281,0.0036224311496924613,1510,0.0012777087213351125,0.033286135555139484,x264_crf12,45512,1367296,0.033286135555139484,x264_crf12,45512,1367296
x264_crf28,ambush_5,libx264,crf,False,d1,True,216548,215505,827.5391999999999,40.12028881166147,29.066964285714285,29.837987427113706,,1,49,0,50,1,1,1,0,,0,49,75766,1.670963240515792,6.196614437031783,38.37505670804636,0.07727494139495235,0.13566411369593712,81.86220546063937,0.023237375433976727,0.8492098172019518,0.0197334073445405,27462,23321,1181803,1.0,0.019799408192397547,0.0036368159498664327,0.4999786324786325,46800,6999,2701,4298,23399,0.057713675213675215,0.38591227318188315,13174,0.011147373970111769,3020,0.002555417442670225,5435,0.004598905232090289,1770,0.0014977115475252644,0.04548978421643887,x264_crf12,62198,1367296,0.04548978421643887,x264_crf12,62198,1367296
x264_crf28,ambush_5,libx264,crf,False,d1,True,216548,215505,827.5391999999999,40.12028881166147,29.066964285714285,29.837987427113706,,1,49,0,50,1,1,1,0,,0,49,75766,1.670963240515792,6.196614437031783,38.37505670804636,0.07727494139495235,0.13566411369593712,81.86220546063937,0.023237375433976727,0.8492098172019518,0.0197334073445405,27462,23321,1181803,2.0,0.03591715370497452,0.002446262194291265,0.3710077790402937,114410,6999,4108,2891,42447,0.03590595227689887,0.5869409915702243,26431,0.022364979611661166,5532,0.004680983209553538,7823,0.006619546574175222,2661,0.0022516443095845925,0.07184545263059353,x264_crf12,98234,1367296,0.07184545263059353,x264_crf12,98234,1367296
x264_crf28,ambush_7,libx264,crf,False,d1,True,141417,140374,539.03616,40.89559870650577,27.61328125,28.533596027696788,,1,49,0,50,1,1,1,0,,0,49,87010,0.845302068539804,3.3901120184588125,24.339133330418196,0.04165108632583328,0.023840485161954694,89.61938234763043,0.19907334912216162,0.004870099321422791,0.0009695069824732018,265703,1294,1334699,0.5,0.001020454799171948,0.5221971395797854,0.0037458024735497393,363607,1058347,361371,696976,1362,0.9938505034281518,0.34144850412955297,1143,0.0008563728600980445,167,0.00012512184395133285,13,9.740023780642677e-06,39,2.922007134192803e-05,0.18727327513574238,x264_crf12,256058,1367296,0.18727327513574238,x264_crf12,256058,1367296
x264_crf28,ambush_7,libx264,crf,False,d1,True,141417,140374,539.03616,40.89559870650577,27.61328125,28.533596027696788,,1,49,0,50,1,1,1,0,,0,49,87010,0.845302068539804,3.3901120184588125,24.339133330418196,0.04165108632583328,0.023840485161954694,89.61938234763043,0.19907334912216162,0.004870099321422791,0.0009695069824732018,265703,1294,1334699,1.0,0.001445269682527671,0.44937922333050373,0.0041678099876197245,462833,1058347,458561,599786,1929,0.9907698889232185,0.43328038913513245,1658,0.0012422276483311967,211,0.00015808807828581576,13,9.740023780642677e-06,47,3.521393213001583e-05,0.17361273637895525,x264_crf12,237380,1367296,0.17361273637895525,x264_crf12,237380,1367296
x264_crf28,ambush_7,libx264,crf,False,d1,True,141417,140374,539.03616,40.89559870650577,27.61328125,28.533596027696788,,1,49,0,50,1,1,1,0,,0,49,87010,0.845302068539804,3.3901120184588125,24.339133330418196,0.04165108632583328,0.023840485161954694,89.61938234763043,0.19907334912216162,0.004870099321422791,0.0009695069824732018,265703,1294,1334699,2.0,0.005633479908204022,0.3296039032021452,0.011876349495424944,633107,1058347,618425,439922,7519,0.9768096072227918,0.5843310369850342,7125,0.0053382822643906975,295,0.00022102361656073767,14,1.0489256379153653e-05,85,6.368477087343289e-05,0.15077349747238344,x264_crf12,206152,1367296,0.15077349747238344,x264_crf12,206152,1367296
x264_crf28,bandage_2,libx264,crf,False,d1,True,227442,226399,869.37216,36.97297071522268,27.532366071428573,30.68338875728863,,1,49,0,50,1,1,1,0,,0,49,108080,0.15754462844284461,0.7374816736382788,5.7383670421118405,0.028779427786462034,0.020905495225613135,97.62988603971579,0.4517439150467016,0.010129721953518366,0.0045760402536169096,604755,6126,1338712,0.5,0.0026099713754713484,0.0846291061856471,0.005447186919268138,641432,737883,624589,113294,3494,0.9737415657466418,0.8464607532630511,3347,0.0025001643370642828,122,9.113237201130638e-05,12,8.963839869964562e-06,13,9.710826525794943e-06,0.07262216813330837,x264_crf12,99296,1367296,0.07262216813330837,x264_crf12,99296,1367296
x264_crf28,bandage_2,libx264,crf,False,d1,True,227442,226399,869.37216,36.97297071522268,27.532366071428573,30.68338875728863,,1,49,0,50,1,1,1,0,,0,49,108080,0.15754462844284461,0.7374816736382788,5.7383670421118405,0.028779427786462034,0.020905495225613135,97.62988603971579,0.4517439150467016,0.010129721953518366,0.0045760402536169096,604755,6126,1338712,1.0,0.004370618923263555,0.047302182993802996,0.00791265917278835,739448,737883,674559,63324,5851,0.9122467029459813,0.9141815165818972,5666,0.004232426391934934,138,0.00010308415850459247,34,2.539754629823293e-05,13,9.710826525794943e-06,0.0644161907882419,x264_crf12,88076,1367296,0.0644161907882419,x264_crf12,88076,1367296
x264_crf28,bandage_2,libx264,crf,False,d1,True,227442,226399,869.37216,36.97297071522268,27.532366071428573,30.68338875728863,,1,49,0,50,1,1,1,0,,0,49,108080,0.15754462844284461,0.7374816736382788,5.7383670421118405,0.028779427786462034,0.020905495225613135,97.62988603971579,0.4517439150467016,0.010129721953518366,0.0045760402536169096,604755,6126,1338712,2.0,0.01392831318461327,0.02733224173683361,0.02056808780541614,906550,737883,701293,36590,18646,0.7735844685897082,0.9504121927188999,18159,0.013564530683223875,412,0.0003077585022021167,62,4.6313172661483576e-05,13,9.710826525794943e-06,0.04762831164575922,x264_crf12,65122,1367296,0.04762831164575922,x264_crf12,65122,1367296
x264_crf33,alley_1,libx264,crf,False,d1,True,89091,88047,338.10048,34.89176975433841,34.3359375,35.420952532798836,,1,49,0,50,1,1,1,0,,0,49,93197,0.2530840382733064,0.7142881560732112,5.224144016943169,0.03724541367010956,0.01827841228234417,98.69202505542708,0.002906197105871695,0.8497821071520123,0.002469634300426729,3901,3315,1342304,0.5,0.0007174231768660453,0.0013886571149307459,0.1174390243902439,8200,2272,408,1864,963,0.04975609756097561,0.1795774647887324,947,0.0007055033733044079,16,1.1919803561637304e-05,0,0.0,0,0.0,0.01008267412469575,x264_crf12,13786,1367296,0.01008267412469575,x264_crf12,13786,1367296
x264_crf33,alley_1,libx264,crf,False,d1,True,89091,88047,338.10048,34.89176975433841,34.3359375,35.420952532798836,,1,49,0,50,1,1,1,0,,0,49,93197,0.2530840382733064,0.7142881560732112,5.224144016943169,0.03724541367010956,0.01827841228234417,98.69202505542708,0.002906197105871695,0.8497821071520123,0.002469634300426729,3901,3315,1342304,1.0,0.0016441879037833456,0.000824701408920781,0.02154999853534219,102413,2272,1165,1107,2207,0.011375508968587971,0.5127640845070423,2146,0.0015987436527046034,61,4.544425107874222e-05,0,0.0,0,0.0,0.09879645665605692,x264_crf12,135084,1367296,0.09879645665605692,x264_crf12,135084,1367296
x264_crf33,alley_1,libx264,crf,False,d1,True,89091,88047,338.10048,34.89176975433841,34.3359375,35.420952532798836,,1,49,0,50,1,1,1,0,,0,49,93197,0.2530840382733064,0.7142881560732112,5.224144016943169,0.03724541367010956,0.01827841228234417,98.69202505542708,0.002906197105871695,0.8497821071520123,0.002469634300426729,3901,3315,1342304,2.0,0.012348916489856247,0.00027043054330464633,0.01695475220961049,977661,2272,1909,363,16576,0.001952619568541652,0.8402288732394366,16058,0.01196301284954824,501,0.0003732388490237681,13,9.68484039383031e-06,4,2.979950890409326e-06,0.08733295497097922,x264_crf12,119410,1367296,0.08733295497097922,x264_crf12,119410,1367296
x264_crf33,ambush_5,libx264,crf,False,d1,True,127059,126015,483.89759999999995,37.447516926784076,33.919642857142854,34.93722667638484,,1,49,0,50,1,1,1,0,,0,49,74155,2.3522983623722395,6.803029800106209,44.24764915433743,0.09060662220730514,0.13566411369593712,84.22046652445458,0.05368830507284209,0.91129883843717,0.04892609005054142,63449,57821,1181803,0.5,0.03743094238210599,0.004537981372529939,0.6420412487844526,68899,6999,1636,5363,44236,0.023744901957938432,0.23374767823974854,21661,0.018328773915787994,8278,0.0070045515200079875,9074,0.007678098634036299,5223,0.004419518312273704,0.05944140844411159,x264_crf12,81274,1367296,0.05944140844411159,x264_crf12,81274,1367296
x264_crf33,ambush_5,libx264,crf,False,d1,True,127059,126015,483.89759999999995,37.447516926784076,33.919642857142854,34.93722667638484,,1,49,0,50,1,1,1,0,,0,49,74155,2.3522983623722395,6.803029800106209,44.24764915433743,0.09060662220730514,0.13566411369593712,84.22046652445458,0.05368830507284209,0.91129883843717,0.04892609005054142,63449,57821,1181803,1.0,0.04209754079148555,0.003597046208208982,0.5955422018458445,83539,6999,2748,4251,49751,0.03289481559511127,0.3926275182168881,24815,0.02099757743041776,8920,0.007547789267754439,9904,0.008380415348412553,6112,0.0051717587449008,0.07122525042126943,x264_crf12,97386,1367296,0.07122525042126943,x264_crf12,97386,1367296
x264_crf33,ambush_5,libx264,crf,False,d1,True,127059,126015,483.89759999999995,37.447516926784076,33.919642857142854,34.93722667638484,,1,49,0,50,1,1,1,0,,0,49,74155,2.3522983623722395,6.803029800106209,44.24764915433743,0.09060662220730514,0.13566411369593712,84.22046652445458,0.05368830507284209,0.91129883843717,0.04892609005054142,63449,57821,1181803,2.0,0.06131901848277589,0.002199182097185402,0.4843047229517948,149631,6999,4400,2599,72467,0.02940567128469368,0.6286612373196171,41755,0.03533160772142227,11845,0.010022821062393647,11403,0.00964881625787039,7464,0.0063157734410895896,0.10070240825688073,x264_crf12,137690,1367296,0.10070240825688073,x264_crf12,137690,1367296
x264_crf33,ambush_7,libx264,crf,False,d1,True,77980,76936,295.43424,37.979719267005265,32.459263392857146,33.823580994897966,,1,49,0,50,1,1,1,0,,0,49,83084,0.7689801016066357,3.347921885845385,26.352461622385015,0.04390326626734244,0.023840485161954694,90.07431638144631,0.2706497869557106,0.011590760610791838,0.003137036889965453,361236,4187,1334699,0.5,0.002800631453234025,0.47439984595777773,0.008680184657111806,430636,1058347,425166,633181,3738,0.987297857122953,0.40172646589445615,3146,0.0023570857549155277,359,0.00026897450286544005,186,0.00013935726332304138,47,3.521393213001583e-05,0.2345885601947201,x264_crf12,320752,1367296,0.2345885601947201,x264_crf12,320752,1367296
x264_crf33,ambush_7,libx264,crf,False,d1,True,77980,76936,295.43424,37.979719267005265,32.459263392857146,33.823580994897966,,1,49,0,50,1,1,1,0,,0,49,83084,0.7689801016066357,3.347921885845385,26.352461622385015,0.04390326626734244,0.023840485161954694,90.07431638144631,0.2706497869557106,0.011590760610791838,0.003137036889965453,361236,4187,1334699,1.0,0.0034142529514145136,0.40809950408294304,0.008744710860366713,521115,1058347,513657,544690,4557,0.9856883797242452,0.48533892948154056,3877,0.0029047747844270504,439,0.0003289131107463181,187,0.00014010649592155236,54,4.0458560319592656e-05,0.21136754587155962,x264_crf12,289002,1367296,0.21136754587155962,x264_crf12,289002,1367296
x264_crf33,ambush_7,libx264,crf,False,d1,True,77980,76936,295.43424,37.979719267005265,32.459263392857146,33.823580994897966,,1,49,0,50,1,1,1,0,,0,49,83084,0.7689801016066357,3.347921885845385,26.352461622385015,0.04390326626734244,0.023840485161954694,90.07431638144631,0.2706497869557106,0.011590760610791838,0.003137036889965453,361236,4187,1334699,2.0,0.008227323164249017,0.3205996258332403,0.016914429713697745,649209,1058347,630443,427904,10981,0.9710940544570392,0.5956864808989868,10164,0.007615200131265551,571,0.0004278118137497668,189,0.0001416049611185743,57,4.270625811512558e-05,0.18515376334019845,x264_crf12,253160,1367296,0.18515376334019845,x264_crf12,253160,1367296
x264_crf33,bandage_2,libx264,crf,False,d1,True,121218,120174,461.46815999999995,33.81071740398513,32.545200892857146,36.29766080539359,,1,49,0,50,1,1,1,0,,0,49,96933,0.19543129756168076,0.8414976274199577,6.711111651311471,0.03153508410532883,0.020905495225613135,97.91448795558716,0.4558052814944514,0.01897927209796261,0.008650852461171634,610192,11581,1338712,0.5,0.0059273391140140675,0.09086495078851911,0.012409994307198578,639404,737883,616241,121642,7935,0.9637740771093081,0.8351473065513096,7706,0.00575627916982891,139,0.00010383114516042286,59,4.407221269399244e-05,31,2.3156586330741788e-05,0.08815355270548586,x264_crf12,120532,1367296,0.08815355270548586,x264_crf12,120532,1367296
x264_crf33,bandage_2,libx264,crf,False,d1,True,121218,120174,461.46815999999995,33.81071740398513,32.545200892857146,36.29766080539359,,1,49,0,50,1,1,1,0,,0,49,96933,0.19543129756168076,0.8414976274199577,6.711111651311471,0.03153508410532883,0.020905495225613135,97.91448795558716,0.4558052814944514,0.01897927209796261,0.008650852461171634,610192,11581,1338712,1.0,0.007710396261481185,0.048589987988454576,0.013861713228253615,744641,737883,672835,65048,10322,0.903569639598142,0.9118451028144028,9992,0.0074638906650571595,200,0.00014939733116607604,87,6.498783905724308e-05,43,3.212042620070635e-05,0.0767529488859764,x264_crf12,104944,1367296,0.0767529488859764,x264_crf12,104944,1367296
x264_crf33,bandage_2,libx264,crf,False,d1,True,121218,120174,461.46815999999995,33.81071740398513,32.545200892857146,36.29766080539359,,1,49,0,50,1,1,1,0,,0,49,96933,0.19543129756168076,0.8414976274199577,6.711111651311471,0.03153508410532883,0.020905495225613135,97.91448795558716,0.4558052814944514,0.01897927209796261,0.008650852461171634,610192,11581,1338712,2.0,0.017885848487202625,0.028884480007649142,0.026400340478831434,906958,737883,699215,38668,23944,0.7709452918437237,0.9475960280965953,23315,0.017415993880685314,413,0.00030850548885794706,173,0.00012922869145865577,43,3.212042620070635e-05,0.05970177635274293,x264_crf12,81630,1367296,0.05970177635274293,x264_crf12,81630,1367296
x264_crf38,alley_1,libx264,crf,False,d1,True,50950,49906,191.63904,32.11136001085693,39.44642857142857,40.86176658163265,,1,49,0,50,1,1,1,0,,0,49,89719,0.30785934306743207,0.9239440640693022,8.195496873832958,0.038000648989430744,0.01827841228234417,98.81219157508285,0.005852623548763917,0.9898167006109979,0.00579302453095573,7856,7776,1342304,0.5,0.0011815505280472977,0.0016531277564545736,0.14127917334758597,11226,2272,53,2219,1586,0.004721182968109745,0.023327464788732395,1438,0.0010712923451021527,148,0.00011025818294514506,0,0.0,0,0.0,0.012743400112338514,x264_crf12,17424,1367296,0.012743400112338514,x264_crf12,17424,1367296
x264_crf38,alley_1,libx264,crf,False,d1,True,50950,49906,191.63904,32.11136001085693,39.44642857142857,40.86176658163265,,1,49,0,50,1,1,1,0,,0,49,89719,0.30785934306743207,0.9239440640693022,8.195496873832958,0.038000648989430744,0.01827841228234417,98.81219157508285,0.005852623548763917,0.9898167006109979,0.00579302453095573,7856,7776,1342304,1.0,0.002600007151882137,0.0015339297208382006,0.026694610595236274,130738,2272,213,2059,3490,0.0016292126237207238,0.09375,3190,0.0023765108351014377,297,0.00022126135361289246,3,2.2349631678069946e-06,0,0.0,0.11839279863321475,x264_crf12,161878,1367296,0.11839279863321475,x264_crf12,161878,1367296
x264_crf38,alley_1,libx264,crf,False,d1,True,50950,49906,191.63904,32.11136001085693,39.44642857142857,40.86176658163265,,1,49,0,50,1,1,1,0,,0,49,89719,0.30785934306743207,0.9239440640693022,8.195496873832958,0.038000648989430744,0.01827841228234417,98.81219157508285,0.005852623548763917,0.9898167006109979,0.00579302453095573,7856,7776,1342304,2.0,0.01805924738360312,0.00039409850525663336,0.025023768502527566,968719,2272,1743,529,24241,0.0017992833835198856,0.7671654929577465,23328,0.01737907359286719,896,0.0006675089994516891,16,1.1919803561637304e-05,1,7.449877226023315e-07,0.10664991340572927,x264_crf12,145822,1367296,0.10664991340572927,x264_crf12,145822,1367296
x264_crf38,ambush_5,libx264,crf,False,d1,True,77459,76415,293.43359999999996,34.83427837920132,38.896205357142854,39.853532707725954,,1,49,0,50,1,1,1,0,,0,49,72928,3.0435611495385095,7.354255737975788,50.458408672725675,0.10021788053839428,0.13566411369593712,84.90450608096273,0.14071211530178887,0.9082348130419619,0.1277996417338592,166294,151034,1181803,0.5,0.09136378905790558,0.002912498952871164,0.636054101180518,169756,6999,3557,3442,107974,0.020953603996324136,0.5082154593513359,44411,0.03757902120742628,17730,0.015002500416736123,27834,0.02355214870837187,17999,0.015230118725371318,0.13207527850589776,x264_crf12,180586,1367296,0.13207527850589776,x264_crf12,180586,1367296
x264_crf38,ambush_5,libx264,crf,False,d1,True,77459,76415,293.43359999999996,34.83427837920132,38.896205357142854,39.853532707725954,,1,49,0,50,1,1,1,0,,0,49,72928,3.0435611495385095,7.354255737975788,50.458408672725675,0.10021788053839428,0.13566411369593712,84.90450608096273,0.14071211530178887,0.9082348130419619,0.1277996417338592,166294,151034,1181803,1.0,0.09547276491936474,0.002501262900838803,0.6211498125485144,181647,6999,4043,2956,112830,0.02225745539425369,0.5776539505643663,47864,0.04050082797217472,18547,0.015693816989802867,28395,0.024026847114112928,18024,0.015251272843274218,0.1385171901329339,x264_crf12,189394,1367296,0.1385171901329339,x264_crf12,189394,1367296
x264_crf38,ambush_5,libx264,crf,False,d1,True,77459,76415,293.43359999999996,34.83427837920132,38.896205357142854,39.853532707725954,,1,49,0,50,1,1,1,0,,0,49,72928,3.0435611495385095,7.354255737975788,50.458408672725675,0.10021788053839428,0.13566411369593712,84.90450608096273,0.14071211530178887,0.9082348130419619,0.1277996417338592,166294,151034,1181803,2.0,0.11852059945693148,0.002038410801123368,0.593969052273585,235817,6999,4590,2409,140068,0.01946424558025927,0.6558079725675097,70042,0.05926706904619467,22289,0.018860165357508823,29420,0.024894165948131795,18317,0.015499199105096196,0.15719054250140424,x264_crf12,214926,1367296,0.15719054250140424,x264_crf12,214926,1367296
x264_crf38,ambush_7,libx264,crf,False,d1,True,47044,46000,176.64,35.1451687353463,37.470424107142854,38.648016126093296,,1,49,0,50,1,1,1,0,,0,49,80342,0.33284389717583773,2.880148846749971,23.40683362638407,0.0467928972639971,0.023840485161954694,88.8446758407701,0.3831155938529961,0.024746550267530275,0.00948078930155788,511344,12654,1334699,0.5,0.00815989223038303,0.3856869601310857,0.019485724305001412,558922,1058347,543571,514776,10891,0.9725346291611352,0.5136037613372552,8447,0.006328767759622207,1435,0.0010751487788632492,488,0.00036562550807335586,521,0.00039035018382421803,0.3193909731323722,x264_crf12,436702,1367296,0.3193909731323722,x264_crf12,436702,1367296
x264_crf38,ambush_7,libx264,crf,False,d1,True,47044,46000,176.64,35.1451687353463,37.470424107142854,38.648016126093296,,1,49,0,50,1,1,1,0,,0,49,80342,0.33284389717583773,2.880148846749971,23.40683362638407,0.0467928972639971,0.023840485161954694,88.8446758407701,0.3831155938529961,0.024746550267530275,0.00948078930155788,511344,12654,1334699,1.0,0.008876907827158033,0.3287909858327608,0.01861514507338119,636471,1058347,619510,438837,11848,0.9733514959833205,0.5853562205968363,9252,0.006931900001423542,1566,0.001173298249268187,493,0.00036937167106591075,537,0.00040233790540039366,0.2790983079011421,x264_crf12,381610,1367296,0.2790983079011421,x264_crf12,381610,1367296
x264_crf38,ambush_7,libx264,crf,False,d1,True,47044,46000,176.64,35.1451687353463,37.470424107142854,38.648016126093296,,1,49,0,50,1,1,1,0,,0,49,80342,0.33284389717583773,2.880148846749971,23.40683362638407,0.0467928972639971,0.023840485161954694,88.8446758407701,0.3831155938529961,0.024746550267530275,0.00948078930155788,511344,12654,1334699,2.0,0.013839824559694732,0.2768362005216157,0.025799062842617616,715995,1058347,688854,369493,18472,0.9620933107074771,0.6508772642620992,15592,0.011682034675983125,1782,0.0013351324905465577,509,0.00038135939264208633,589,0.00044129800052296434,0.22995898474068527,x264_crf12,314422,1367296,0.22995898474068527,x264_crf12,314422,1367296
x264_crf38,bandage_2,libx264,crf,False,d1,True,69760,68716,263.86944,30.94364670702251,37.63671875,41.53226357507288,,1,49,0,50,1,1,1,0,,0,49,90768,0.3424552044391534,1.0117778753400544,7.832643388347102,0.03402224824355972,0.020905495225613135,98.1715260638584,0.408465002181201,0.035521938783907595,0.014509468802849305,546817,19424,1338712,0.5,0.009618947167127806,0.13693609977351365,0.02194971866109614,586659,737883,554565,183318,12877,0.9452936032686791,0.7515622395420413,12141,0.009069164988436646,377,0.00028161396924805335,347,0.00025920436957314197,12,8.963839869964562e-06,0.1367545871559633,x264_crf12,186984,1367296,0.1367545871559633,x264_crf12,186984,1367296
x264_crf38,bandage_2,libx264,crf,False,d1,True,69760,68716,263.86944,30.94364670702251,37.63671875,41.53226357507288,,1,49,0,50,1,1,1,0,,0,49,90768,0.3424552044391534,1.0117778753400544,7.832643388347102,0.03402224824355972,0.020905495225613135,98.1715260638584,0.408465002181201,0.035521938783907595,0.014509468802849305,546817,19424,1338712,1.0,0.012066822438283963,0.06227553050992297,0.021948966004510993,735980,737883,654514,83369,16154,0.8893094921057637,0.8870159632353639,15249,0.011390799514757468,528,0.0003944089542784408,365,0.0002726501293780888,12,8.963839869964562e-06,0.10406378721213257,x264_crf12,142286,1367296,0.10406378721213257,x264_crf12,142286,1367296
x264_crf38,bandage_2,libx264,crf,False,d1,True,69760,68716,263.86944,30.94364670702251,37.63671875,41.53226357507288,,1,49,0,50,1,1,1,0,,0,49,90768,0.3424552044391534,1.0117778753400544,7.832643388347102,0.03402224824355972,0.020905495225613135,98.1715260638584,0.408465002181201,0.035521938783907595,0.014509468802849305,546817,19424,1338712,2.0,0.024790246147042828,0.03159902951493675,0.03650388940708541,909136,737883,695581,42302,33187,0.7651011509829112,0.9426711280785707,31655,0.023645862590310686,1025,0.0007656613222261397,453,0.00033838495509116225,54,4.033727941484053e-05,0.07658912188728703,x264_crf12,104720,1367296,0.07658912188728703,x264_crf12,104720,1367296
x264_crf45,alley_1,libx264,crf,False,d1,True,27423,26379,101.29536,28.444270518235033,46.453683035714285,47.76317647594752,,1,49,0,50,1,1,1,0,,0,49,90339,0.5003505087786904,1.358335485411124,12.978942798219906,0.03854315232893867,0.01827841228234417,98.68934309962572,0.02400648437313753,0.774019364448858,0.018581483777147353,32224,24942,1342304,0.5,0.0053333671061100915,0.001671752449519632,0.20355995336802296,35169,2272,28,2244,7159,0.0007961557053086525,0.01232394366197183,6398,0.004766431449209717,559,0.0004164481369347033,154,0.00011472810928075905,48,3.5759410684911914e-05,0.029965713349560007,x264_crf12,40972,1367296,0.029965713349560007,x264_crf12,40972,1367296
x264_crf45,alley_1,libx264,crf,False,d1,True,27423,26379,101.29536,28.444270518235033,46.453683035714285,47.76317647594752,,1,49,0,50,1,1,1,0,,0,49,90339,0.5003505087786904,1.358335485411124,12.978942798219906,0.03854315232893867,0.01827841228234417,98.68934309962572,0.02400648437313753,0.774019364448858,0.018581483777147353,32224,24942,1342304,1.0,0.01406238825184161,0.0014281414642286696,0.08787709497206704,214800,2272,355,1917,18876,0.0016527001862197393,0.15625,17478,0.01302089541564355,1153,0.0008589708441604883,192,0.00014303764273964766,53,3.948434929792357e-05,0.18318052565062723,x264_crf12,250462,1367296,0.18318052565062723,x264_crf12,250462,1367296
x264_crf45,alley_1,libx264,crf,False,d1,True,27423,26379,101.29536,28.444270518235033,46.453683035714285,47.76317647594752,,1,49,0,50,1,1,1,0,,0,49,90339,0.5003505087786904,1.358335485411124,12.978942798219906,0.03854315232893867,0.01827841228234417,98.68934309962572,0.02400648437313753,0.774019364448858,0.018581483777147353,32224,24942,1342304,2.0,0.049352456671514056,0.00016389729897251293,0.0672718281068006,984751,2272,2052,220,66246,0.002083775492484902,0.903169014084507,60818,0.045308663313228595,5131,0.003822532004672563,240,0.00017879705342455955,57,4.2464300188332896e-05,0.1612832919865194,x264_crf12,220522,1367296,0.1612832919865194,x264_crf12,220522,1367296
x264_crf45,ambush_5,libx264,crf,False,d1,True,41253,40209,154.40256,31.021298898818017,45.61997767857143,46.41906204446064,,1,49,0,50,1,1,1,0,,0,49,71303,4.675054275005381,9.88052453771042,64.42792277843077,0.1102021518932936,0.13566411369593712,84.12374989740253,0.2976206694347535,0.9611177923913012,0.28604852077715154,351729,338053,1181803,0.5,0.2476241810183254,0.0035420455016614443,0.8220332079584494,355999,6999,2813,4186,292643,0.007901707589066262,0.4019145592227461,110884,0.09382612838180306,64576,0.05464193270790479,73798,0.06244526371992625,43385,0.03671085620869129,0.28606826905073957,x264_crf12,391140,1367296,0.28606826905073957,x264_crf12,391140,1367296
x264_crf45,ambush_5,libx264,crf,False,d1,True,41253,40209,154.40256,31.021298898818017,45.61997767857143,46.41906204446064,,1,49,0,50,1,1,1,0,,0,49,71303,4.675054275005381,9.88052453771042,64.42792277843077,0.1102021518932936,0.13566411369593712,84.12374989740253,0.2976206694347535,0.9611177923913012,0.28604852077715154,351729,338053,1181803,1.0,0.259397716878363,0.003209502768227869,0.8095324861890125,378684,6999,3206,3793,306557,0.008466161760201117,0.45806543791970283,122897,0.1039911051165042,66128,0.05595518034731677,74119,0.06271688259379947,43413,0.03673454882074254,0.2995722945141359,x264_crf12,409604,1367296,0.2995722945141359,x264_crf12,409604,1367296
x264_crf45,ambush_5,libx264,crf,False,d1,True,41253,40209,154.40256,31.021298898818017,45.61997767857143,46.41906204446064,,1,49,0,50,1,1,1,0,,0,49,71303,4.675054275005381,9.88052453771042,64.42792277843077,0.1102021518932936,0.13566411369593712,84.12374989740253,0.2976206694347535,0.9611177923913012,0.28604852077715154,351729,338053,1181803,2.0,0.29046550059527687,0.0011702458023883846,0.7594266574634526,452016,6999,5616,1383,343273,0.012424338961452692,0.8024003429061295,149457,0.12646523997654432,75014,0.06347420001472327,75369,0.06377458848894443,43433,0.03675147211506486,0.32980130125444673,x264_crf12,450936,1367296,0.32980130125444673,x264_crf12,450936,1367296
x264_crf45,ambush_7,libx264,crf,False,d1,True,24712,23668,90.88512,30.759990031537242,44.18247767857143,45.580231869533534,,1,49,0,50,1,1,1,0,,0,49,79484,0.2638286909554343,2.766142849197374,20.681551514822676,0.04772269298336261,0.023840485161954694,88.94155161575756,0.5800079268808922,0.05812802918350264,0.03371471770039537,774136,44999,1334699,0.5,0.028784017969594643,0.2436901503634902,0.04912498753270268,782046,1058347,733094,325253,38418,0.9374052165729382,0.6926782992723558,24908,0.01866188556371137,4522,0.0033880298104666294,2579,0.0019322708715598048,6409,0.004801831723856839,0.42969042548211944,x264_crf12,587514,1367296,0.42969042548211944,x264_crf12,587514,1367296
x264_crf45,ambush_7,libx264,crf,False,d1,True,24712,23668,90.88512,30.759990031537242,44.18247767857143,45.580231869533534,,1,49,0,50,1,1,1,0,,0,49,79484,0.2638286909554343,2.766142849197374,20.681551514822676,0.04772269298336261,0.023840485161954694,88.94155161575756,0.5800079268808922,0.05812802918350264,0.03371471770039537,774136,44999,1334699,1.0,0.03090884161897177,0.21182678641401545,0.04983029146384182,827890,1058347,775622,282725,41254,0.936866008769281,0.7328617173762481,27481,0.02058966103968011,4700,0.0035213932130015832,2604,0.0019510016865225792,6469,0.0048467856797674985,0.37380055233102416,x264_crf12,511096,1367296,0.37380055233102416,x264_crf12,511096,1367296
x264_crf45,ambush_7,libx264,crf,False,d1,True,24712,23668,90.88512,30.759990031537242,44.18247767857143,45.580231869533534,,1,49,0,50,1,1,1,0,,0,49,79484,0.2638286909554343,2.766142849197374,20.681551514822676,0.04772269298336261,0.023840485161954694,88.94155161575756,0.5800079268808922,0.05812802918350264,0.03371471770039537,774136,44999,1334699,2.0,0.03475914794271967,0.19267415349827938,0.05391381552417598,860503,1058347,801185,257162,46393,0.9310658998283562,0.7570154212181827,32179,0.02410955578748467,5072,0.003800107739647666,2622,0.001964487873295777,6520,0.004884996542291558,0.3034573347687699,x264_crf12,414916,1367296,0.3034573347687699,x264_crf12,414916,1367296
x264_crf45,bandage_2,libx264,crf,False,d1,True,35880,34836,133.77024,27.462557103923473,44.40345982142857,48.186087827988345,,1,49,0,50,1,1,1,0,,0,49,87759,0.38575848212950975,1.2627125189539368,11.256314584418574,0.03577853054549702,0.020905495225613135,98.20080794076695,0.543712912112538,0.09708260346900223,0.05278506504759799,727875,70664,1338712,0.5,0.02461171633629937,0.07946966935382667,0.04489501151398711,733890,737883,631496,106387,32948,0.8604777282699042,0.8558213158454661,29712,0.02219446751803226,1529,0.0011421425967646514,1550,0.0011578293165370895,157,0.0001172769049653697,0.1532411416401423,x264_crf12,209526,1367296,0.1532411416401423,x264_crf12,209526,1367296
x264_crf45,bandage_2,libx264,crf,False,d1,True,35880,34836,133.77024,27.462557103923473,44.40345982142857,48.186087827988345,,1,49,0,50,1,1,1,0,,0,49,87759,0.38575848212950975,1.2627125189539368,11.256314584418574,0.03577853054549702,0.020905495225613135,98.20080794076695,0.543712912112538,0.09708260346900223,0.05278506504759799,727875,70664,1338712,1.0,0.028753010356222998,0.052738751874936506,0.047898439181849065,803617,737883,667281,70602,38492,0.8303470434298926,0.9043181642618139,34846,0.02602949700906543,1937,0.0014469131523434466,1552,0.0011593232898487501,157,0.0001172769049653697,0.14028564407414343,x264_crf12,191812,1367296,0.14028564407414343,x264_crf12,191812,1367296
x264_crf45,bandage_2,libx264,crf,False,d1,True,35880,34836,133.77024,27.462557103923473,44.40345982142857,48.186087827988345,,1,49,0,50,1,1,1,0,,0,49,87759,0.38575848212950975,1.2627125189539368,11.256314584418574,0.03577853054549702,0.020905495225613135,98.20080794076695,0.543712912112538,0.09708260346900223,0.05278506504759799,727875,70664,1338712,2.0,0.046888352386472966,0.029787586874548074,0.06787736440747613,924756,737883,698006,39877,62770,0.7548001851299153,0.9459575569568617,58045,0.04335884043767442,2887,0.002156550475382308,1681,0.0012556845684508692,157,0.0001172769049653697,0.11502849419584348,x264_crf12,157278,1367296,0.11502849419584348,x264_crf12,157278,1367296
x264_crf23_ref2,alley_1,libx264,ref,False,d1(assumed),False,302109,301065,1156.0896,41.297662113823954,24.289620535714285,24.82950300655977,,1,49,0,50,1,1,1,0,,0,49,114560,0.2288914724406631,0.6262683085700969,3.125188737362146,0.034396286274143886,0.01827841228234417,98.60888442558466,0.0015778839964717382,0.41076487252124644,0.0006481393186640284,2118,870,1342304,0.5,0.00022722125539371111,0.0011971952702219467,0.0590513068731849,5165,2272,665,1607,305,0.1287512100677638,0.292693661971831,301,0.00022424130450330177,4,2.979950890409326e-06,0,0.0,0,0.0,0.006067449915746115,x264_crf12,8296,1367296,0.006067449915746115,x264_crf12,8296,1367296
x264_crf23_ref2,alley_1,libx264,ref,False,d1(assumed),False,302109,301065,1156.0896,41.297662113823954,24.289620535714285,24.82950300655977,,1,49,0,50,1,1,1,0,,0,49,114560,0.2288914724406631,0.6262683085700969,3.125188737362146,0.034396286274143886,0.01827841228234417,98.60888442558466,0.0015778839964717382,0.41076487252124644,0.0006481393186640284,2118,870,1342304,1.0,0.0007457327103249339,0.0006116349202565141,0.013931608467523069,71851,2272,1451,821,1001,0.020194569317058913,0.6386443661971831,952,0.0007092283119174196,49,3.650439840751424e-05,0,0.0,0,0.0,0.08001193596704737,x264_crf12,109400,1367296,0.08001193596704737,x264_crf12,109400,1367296
x264_crf23_ref2,alley_1,libx264,ref,False,d1(assumed),False,302109,301065,1156.0896,41.297662113823954,24.289620535714285,24.82950300655977,,1,49,0,50,1,1,1,0,,0,49,114560,0.2288914724406631,0.6262683085700969,3.125188737362146,0.034396286274143886,0.01827841228234417,98.60888442558466,0.0015778839964717382,0.41076487252124644,0.0006481393186640284,2118,870,1342304,2.0,0.0062683266979760175,0.0002123215009416645,0.009500045163038569,885680,2272,1987,285,8414,0.0022434739409267455,0.8745598591549296,8115,0.006045575368917921,299,0.00022275132905809713,0,0.0,0,0.0,0.13667559913873806,x264_crf12,186876,1367296,0.13667559913873806,x264_crf12,186876,1367296
x264_crf23_ref2,ambush_5,libx264,ref,False,d1(assumed),False,391245,390201,1498.37184,42.98038296645584,24.052455357142858,24.54328762755102,,1,49,0,50,1,1,1,0,,0,49,80489,1.2004391209996914,5.8553233517153735,34.867071294238336,0.06605777061012023,0.13566411369593712,78.85747455371157,0.020133643255263355,0.7915020593426915,0.015935820098612035,23794,18833,1181803,0.5,0.01106360366321629,0.004264670169224482,0.444576674600476,29410,6999,1959,5040,13075,0.06660999659979598,0.27989712816116585,7946,0.006723624834257486,1984,0.0016787907967740817,2150,0.0018192541396493324,995,0.0008419338925353887,0.028985676839543156,x264_crf12,39632,1367296,0.028985676839543156,x264_crf12,39632,1367296
x264_crf23_ref2,ambush_5,libx264,ref,False,d1(assumed),False,391245,390201,1498.37184,42.98038296645584,24.052455357142858,24.54328762755102,,1,49,0,50,1,1,1,0,,0,49,80489,1.2004391209996914,5.8553233517153735,34.867071294238336,0.06605777061012023,0.13566411369593712,78.85747455371157,0.020133643255263355,0.7915020593426915,0.015935820098612035,23794,18833,1181803,1.0,0.013950717674603973,0.003617354161395766,0.37628665981969645,43815,6999,2724,4275,16487,0.06217048955837042,0.3891984569224175,10084,0.008532724997313426,2653,0.0022448749918556644,2669,0.00225841362731352,1081,0.000914704058121362,0.03969586687886164,x264_crf12,54276,1367296,0.03969586687886164,x264_crf12,54276,1367296
x264_crf23_ref2,ambush_5,libx264,ref,False,d1(assumed),False,391245,390201,1498.37184,42.98038296645584,24.052455357142858,24.54328762755102,,1,49,0,50,1,1,1,0,,0,49,80489,1.2004391209996914,5.8553233517153735,34.867071294238336,0.06605777061012023,0.13566411369593712,78.85747455371157,0.020133643255263355,0.7915020593426915,0.015935820098612035,23794,18833,1181803,2.0,0.027884512054885627,0.00273903518606739,0.32053302207956424,102810,6999,3762,3237,32954,0.036591771228479716,0.5375053579082726,22387,0.01894308949968819,4058,0.0034337364179986003,4632,0.003919434965049167,1877,0.001588251172149673,0.06093632980715222,x264_crf12,83318,1367296,0.06093632980715222,x264_crf12,83318,1367296
x264_crf23_ref2,ambush_7,libx264,ref,False,d1(assumed),False,267481,266437,1023.11808,43.95052650528028,22.640066964285715,23.272742802478135,,1,49,0,50,1,1,1,0,,0,49,95493,0.7738482451748985,3.3995082905635026,21.179326388186507,0.04140003878223773,0.023840485161954694,89.41042137590573,0.15640380340436308,0.002476622978462482,0.00038735325343017415,208752,517,1334699,0.5,0.00038210862524059734,0.5245032775180022,0.001417942815200347,359676,1058347,358293,700054,510,0.9961548727187802,0.338540195228975,444,0.00033265927373887295,28,2.0978512758307305e-05,12,8.990791182131702e-06,26,1.9480047561285354e-05,0.17527148474068527,x264_crf12,239648,1367296,0.17527148474068527,x264_crf12,239648,1367296
x264_crf23_ref2,ambush_7,libx264,ref,False,d1(assumed),False,267481,266437,1023.11808,43.95052650528028,22.640066964285715,23.272742802478135,,1,49,0,50,1,1,1,0,,0,49,95493,0.7738482451748985,3.3995082905635026,21.179326388186507,0.04140003878223773,0.023840485161954694,89.41042137590573,0.15640380340436308,0.002476622978462482,0.00038735325343017415,208752,517,1334699,1.0,0.0006458384999164606,0.4376282592554576,0.0018067036670634986,477112,1058347,474245,584102,862,0.993990928754674,0.4480997253263816,754,0.0005649213792772753,51,3.821086252405973e-05,19,1.4235419371708528e-05,38,2.8470838743417056e-05,0.16314097313237222,x264_crf12,223062,1367296,0.16314097313237222,x264_crf12,223062,1367296
x264_crf23_ref2,ambush_7,libx264,ref,False,d1(assumed),False,267481,266437,1023.11808,43.95052650528028,22.640066964285715,23.272742802478135,,1,49,0,50,1,1,1,0,,0,49,95493,0.7738482451748985,3.3995082905635026,21.179326388186507,0.04140003878223773,0.023840485161954694,89.41042137590573,0.15640380340436308,0.002476622978462482,0.00038735325343017415,208752,517,1334699,2.0,0.003276394153288494,0.31141553264069277,0.006672505554063622,655376,1058347,642701,415646,4373,0.980659957032299,0.6072686935381307,4219,0.003161012333117804,91,6.818016646449873e-05,21,1.573388456873048e-05,42,3.146776913746096e-05,0.1436996817075454,x264_crf12,196480,1367296,0.1436996817075454,x264_crf12,196480,1367296
x264_crf23_ref2,bandage_2,libx264,ref,False,d1(assumed),False,436007,434963,1670.25792,40.43021523848985,22.537388392857142,24.99159529883382,,1,49,0,50,1,1,1,0,,0,49,121431,0.14132421136126885,0.700274373468745,5.44532978112359,0.02688849776424698,0.020905495225613135,97.426332176002,0.43380503050693503,0.00528291490167717,0.0022917550600876067,580740,3068,1338712,0.5,0.0018517799198035127,0.07549047143821823,0.0038176579384647134,649351,737883,636823,101060,2479,0.9807068904182792,0.8630406175504789,2418,0.0018062137337978594,49,3.660234613568863e-05,10,7.469866558303802e-06,2,1.4939733116607605e-06,0.06027078262497659,x264_crf12,82408,1367296,0.06027078262497659,x264_crf12,82408,1367296
x264_crf23_ref2,bandage_2,libx264,ref,False,d1(assumed),False,436007,434963,1670.25792,40.43021523848985,22.537388392857142,24.99159529883382,,1,49,0,50,1,1,1,0,,0,49,121431,0.14132421136126885,0.700274373468745,5.44532978112359,0.02688849776424698,0.020905495225613135,97.426332176002,0.43380503050693503,0.00528291490167717,0.0022917550600876067,580740,3068,1338712,1.0,0.0031933679536748755,0.04545488499393447,0.005814261874354821,735261,737883,677032,60851,4275,0.9208049930568872,0.9175329964235522,4126,0.003082066941956149,129,9.636127860211906e-05,18,1.3445759804946845e-05,2,1.4939733116607605e-06,0.05601713162329152,x264_crf12,76592,1367296,0.05601713162329152,x264_crf12,76592,1367296
x264_crf23_ref2,bandage_2,libx264,ref,False,d1(assumed),False,436007,434963,1670.25792,40.43021523848985,22.537388392857142,24.99159529883382,,1,49,0,50,1,1,1,0,,0,49,121431,0.14132421136126885,0.700274373468745,5.44532978112359,0.02688849776424698,0.020905495225613135,97.426332176002,0.43380503050693503,0.00528291490167717,0.0022917550600876067,580740,3068,1338712,2.0,0.01125708890336383,0.025745642079849886,0.01676825536706568,898722,737883,703417,34466,15070,0.7826858583633204,0.9532906978477618,14769,0.011032245919958886,262,0.00019571050382755962,37,2.763850626572407e-05,2,1.4939733116607605e-06,0.045614117206515634,x264_crf12,62368,1367296,0.045614117206515634,x264_crf12,62368,1367296
x264_crf23_ref3,alley_1,libx264,ref,False,d1(assumed),False,301621,300578,1154.21952,41.343333379972094,24.289620535714285,24.77703626093294,,1,49,0,50,1,1,1,0,,0,49,114170,0.23707412444431136,0.7042532125923145,3.7421899300302286,0.03454599524187153,0.01827841228234417,98.60664946241685,0.000979658855222066,0.4828897338403042,0.0004730672038524805,1315,635,1342304,0.5,0.00019518678332181087,0.0012143299878418004,0.05911552346570397,4432,2272,642,1630,262,0.14485559566787004,0.28257042253521125,243,0.00018103201659236656,11,8.194864948625647e-06,8,5.959901780818652e-06,0,0.0,0.006118645852836548,x264_crf12,8366,1367296,0.006118645852836548,x264_crf12,8366,1367296
x264_crf23_ref3,alley_1,libx264,ref,False,d1(assumed),False,301621,300578,1154.21952,41.343333379972094,24.289620535714285,24.77703626093294,,1,49,0,50,1,1,1,0,,0,49,114170,0.23707412444431136,0.7042532125923145,3.7421899300302286,0.03454599524187153,0.01827841228234417,98.60664946241685,0.000979658855222066,0.4828897338403042,0.0004730672038524805,1315,635,1342304,1.0,0.0006682539871742914,0.0005520359024483276,0.013228917794885409,67806,2272,1531,741,897,0.022579122791493378,0.6738556338028169,864,0.0006436693923284145,25,1.862469306505829e-05,8,5.959901780818652e-06,0,0.0,0.07934053782063284,x264_crf12,108482,1367296,0.07934053782063284,x264_crf12,108482,1367296
x264_crf23_ref3,alley_1,libx264,ref,False,d1(assumed),False,301621,300578,1154.21952,41.343333379972094,24.289620535714285,24.77703626093294,,1,49,0,50,1,1,1,0,,0,49,114170,0.23707412444431136,0.7042532125923145,3.7421899300302286,0.03454599524187153,0.01827841228234417,98.60664946241685,0.000979658855222066,0.4828897338403042,0.0004730672038524805,1315,635,1342304,2.0,0.0063294156912294085,0.00016836722530812691,0.00990528421730067,857724,2272,2046,226,8496,0.0023853827105222657,0.9005281690140845,8266,0.006158068515030872,219,0.0001631523112499106,10,7.449877226023315e-06,1,7.449877226023315e-07,0.15432064454222055,x264_crf12,211002,1367296,0.15432064454222055,x264_crf12,211002,1367296
x264_crf23_ref3,ambush_5,libx264,ref,False,d1(assumed),False,392122,391079,1501.7433600000002,42.99919388914145,24.052455357142858,24.54608919460641,,1,49,0,50,1,1,1,0,,0,49,81303,1.2098531825864298,6.205909693192277,34.94100018730099,0.06816342721142404,0.13566411369593712,79.17757866581825,0.020822421334181756,0.8010403120936281,0.01667959888407797,24608,19712,1181803,0.5,0.010353671466394992,0.0041563610855616375,0.38562874251497004,31730,6999,2087,4912,12236,0.06577371572644185,0.29818545506500926,6551,0.00554322505527571,2033,0.0017202528678637642,2467,0.0020874883546580943,1185,0.0010027051885974228,0.029143652873993633,x264_crf12,39848,1367296,0.029143652873993633,x264_crf12,39848,1367296
x264_crf23_ref3,ambush_5,libx264,ref,False,d1(assumed),False,392122,391079,1501.7433600000002,42.99919388914145,24.052455357142858,24.54608919460641,,1,49,0,50,1,1,1,0,,0,49,81303,1.2098531825864298,6.205909693192277,34.94100018730099,0.06816342721142404,0.13566411369593712,79.17757866581825,0.020822421334181756,0.8010403120936281,0.01667959888407797,24608,19712,1181803,1.0,0.014617495470903357,0.003444736559308108,0.35732754162788294,48345,6999,2928,4071,17275,0.06056469128141483,0.41834547792541793,10654,0.009015038885499529,2314,0.0019580251530923513,2919,0.002469954806342512,1388,0.0011744766259689644,0.04149942660550459,x264_crf12,56742,1367296,0.04149942660550459,x264_crf12,56742,1367296
x264_crf23_ref3,ambush_5,libx264,ref,False,d1(assumed),False,392122,391079,1501.7433600000002,42.99919388914145,24.052455357142858,24.54608919460641,,1,49,0,50,1,1,1,0,,0,49,81303,1.2098531825864298,6.205909693192277,34.94100018730099,0.06816342721142404,0.13566411369593712,79.17757866581825,0.020822421334181756,0.8010403120936281,0.01667959888407797,24608,19712,1181803,2.0,0.027123809975097373,0.002547801960225181,0.31005465009430766,103385,6999,3988,3011,32055,0.03857426125646854,0.5697956850978712,21469,0.018166310290293728,3687,0.003119809308319576,4875,0.004125052991065347,2024,0.0017126373854187203,0.06208896976221681,x264_crf12,84894,1367296,0.06208896976221681,x264_crf12,84894,1367296
x264_crf23_ref3,ambush_7,libx264,ref,False,d1(assumed),False,264028,262985,1009.8624,43.98381851076833,22.640066964285715,23.26987290451895,,1,49,0,50,1,1,1,0,,0,49,96341,0.757752824498277,3.5681501255211434,21.119901179234137,0.04165318981020274,0.023840485161954694,89.32156238972233,0.15375826309902083,0.0024558890172058415,0.0003776132296495315,205221,504,1334699,0.5,0.0004952427476157546,0.525410598194799,0.001843171481870833,358621,1058347,357082,701265,661,0.9957085614060527,0.3373959580364474,566,0.00042406565075721195,49,3.6712397327037784e-05,27,2.0229280159796328e-05,19,1.4235419371708528e-05,0.18932696358359857,x264_crf12,258866,1367296,0.18932696358359857,x264_crf12,258866,1367296
x264_crf23_ref3,ambush_7,libx264,ref,False,d1(assumed),False,264028,262985,1009.8624,43.98381851076833,22.640066964285715,23.26987290451895,,1,49,0,50,1,1,1,0,,0,49,96341,0.757752824498277,3.5681501255211434,21.119901179234137,0.04165318981020274,0.023840485161954694,89.32156238972233,0.15375826309902083,0.0024558890172058415,0.0003776132296495315,205221,504,1334699,1.0,0.0007559756918975739,0.43042963244896415,0.0020736867849223037,486573,1058347,483853,574494,1009,0.9944098829980291,0.4571780332915386,884,0.0006623216170837021,73,5.469397969130119e-05,28,2.0978512758307305e-05,24,1.7981582364263403e-05,0.1694702536978094,x264_crf12,231716,1367296,0.1694702536978094,x264_crf12,231716,1367296
x264_crf23_ref3,ambush_7,libx264,ref,False,d1(assumed),False,264028,262985,1009.8624,43.98381851076833,22.640066964285715,23.26987290451895,,1,49,0,50,1,1,1,0,,0,49,96341,0.757752824498277,3.5681501255211434,21.119901179234137,0.04165318981020274,0.023840485161954694,89.32156238972233,0.15375826309902083,0.0024558890172058415,0.0003776132296495315,205221,504,1334699,2.0,0.003278641851084027,0.3057768081042992,0.006601566212532416,662873,1058347,650227,408120,4376,0.9809224391399257,0.6143797828122535,4110,0.003079345979880108,212,0.00015883731088432672,30,2.2476977955329253e-05,24,1.7981582364263403e-05,0.1466368657554765,x264_crf12,200496,1367296,0.1466368657554765,x264_crf12,200496,1367296
x264_crf23_ref3,bandage_2,libx264,ref,False,d1(assumed),False,434945,433902,1666.1836799999999,40.43574000415948,22.537388392857142,25.03025920189505,,1,49,0,50,1,1,1,0,,0,49,121120,0.14275989116127508,0.7166937053520313,5.531163398932448,0.02653385363996526,0.020905495225613135,97.39607921644088,0.43437124639205443,0.0055632177582726,0.00241650183161128,581498,3235,1338712,0.5,0.0017748402942529835,0.07661393936858713,0.00366854056624603,647669,737883,635319,102564,2376,0.9809316178480056,0.8610023540317367,2211,0.0016515874960409708,141,0.00010532511847208361,22,1.6433706428268367e-05,2,1.4939733116607605e-06,0.06025030425014042,x264_crf12,82380,1367296,0.06025030425014042,x264_crf12,82380,1367296
x264_crf23_ref3,bandage_2,libx264,ref,False,d1(assumed),False,434945,433902,1666.1836799999999,40.43574000415948,22.537388392857142,25.03025920189505,,1,49,0,50,1,1,1,0,,0,49,121120,0.14275989116127508,0.7166937053520313,5.531163398932448,0.02653385363996526,0.020905495225613135,97.39607921644088,0.43437124639205443,0.0055632177582726,0.00241650183161128,581498,3235,1338712,1.0,0.002920717824296787,0.04656341319118675,0.005351904853808134,730581,737883,675548,62335,3910,0.9246722813760555,0.9155218374728785,3688,0.002754886786702442,195,0.00014566239788692413,25,1.8674666395759505e-05,2,1.4939733116607605e-06,0.05739649644261374,x264_crf12,78478,1367296,0.05739649644261374,x264_crf12,78478,1367296
x264_crf23_ref3,bandage_2,libx264,ref,False,d1(assumed),False,434945,433902,1666.1836799999999,40.43574000415948,22.537388392857142,25.03025920189505,,1,49,0,50,1,1,1,0,,0,49,121120,0.14275989116127508,0.7166937053520313,5.531163398932448,0.02653385363996526,0.020905495225613135,97.39607921644088,0.43437124639205443,0.0055632177582726,0.00241650183161128,581498,3235,1338712,2.0,0.011723955563257818,0.025941352583677444,0.017537292586177998,894950,737883,703155,34728,15695,0.7856919380971004,0.952935628006066,15219,0.011368389915082556,422,0.00031522836876042045,44,3.2867412856536734e-05,10,7.469866558303802e-06,0.048759010484927916,x264_crf12,66668,1367296,0.048759010484927916,x264_crf12,66668,1367296
x264_crf23_ultrafast,alley_1,libx264,preset,False,d1,True,874251,873214,3353.14176,39.89663225363466,20.0,23.93877551020408,,1,49,0,50,1,1,1,0,,0,49,85146,0.5676708865652105,0.9205005265709326,4.6164141875038025,0.03477556197590022,0.01827841228234417,97.77263570696356,0.020007390278208217,0.735366398570152,0.014712762533673445,26856,19749,1342304,0.5,0.003807632250220516,0.0009342146041433237,0.19031128984212095,26856,2272,1018,1254,5111,0.037905868334822755,0.4480633802816901,4981,0.003710783846282213,120,8.939852671227978e-05,10,7.449877226023315e-06,0,0.0,0.021952817824377458,x264_crf12,30016,1367296,0.021952817824377458,x264_crf12,30016,1367296
x264_crf23_ultrafast,alley_1,libx264,preset,False,d1,True,874251,873214,3353.14176,39.89663225363466,20.0,23.93877551020408,,1,49,0,50,1,1,1,0,,0,49,85146,0.5676708865652105,0.9205005265709326,4.6164141875038025,0.03477556197590022,0.01827841228234417,97.77263570696356,0.020007390278208217,0.735366398570152,0.014712762533673445,26856,19749,1342304,1.0,0.003807632250220516,0.0009342146041433237,0.19031128984212095,26856,2272,1018,1254,5111,0.037905868334822755,0.4480633802816901,4981,0.003710783846282213,120,8.939852671227978e-05,10,7.449877226023315e-06,0,0.0,0.08051219340947388,x264_crf12,110084,1367296,0.08051219340947388,x264_crf12,110084,1367296
x264_crf23_ultrafast,alley_1,libx264,preset,False,d1,True,874251,873214,3353.14176,39.89663225363466,20.0,23.93877551020408,,1,49,0,50,1,1,1,0,,0,49,85146,0.5676708865652105,0.9205005265709326,4.6164141875038025,0.03477556197590022,0.01827841228234417,97.77263570696356,0.020007390278208217,0.735366398570152,0.014712762533673445,26856,19749,1342304,2.0,0.007928904331656614,0.00029054521181490927,0.014897774642288236,714402,2272,1882,390,10643,0.002634371124380951,0.8283450704225352,10226,0.007618244451331442,397,0.0002957601258731256,18,1.3409779006841967e-05,2,1.489975445204663e-06,0.2396072247706422,x264_crf12,327614,1367296,0.2396072247706422,x264_crf12,327614,1367296
x264_crf23_ultrafast,ambush_5,libx264,preset,False,d1,True,669233,668196,2565.87264,41.80295578270375,20.0,24.285714285714285,,1,49,0,50,1,1,1,0,,0,49,63113,1.276439911274826,6.88065905293613,33.97472766884532,0.09091629299827293,0.13566411369593712,77.34850901546197,0.11510294016853909,0.8662197031515338,0.0997044346646607,136029,117831,1181803,0.5,0.0577321262511603,0.001618713101929848,0.5015695182644877,136029,6999,5086,1913,68228,0.037389086150747264,0.7266752393199029,39886,0.033750125867001525,9080,0.007683175622332995,13679,0.011574687151750335,5583,0.004724137610075453,0.09728690788241902,x264_crf12,133020,1367296,0.09728690788241902,x264_crf12,133020,1367296
x264_crf23_ultrafast,ambush_5,libx264,preset,False,d1,True,669233,668196,2565.87264,41.80295578270375,20.0,24.285714285714285,,1,49,0,50,1,1,1,0,,0,49,63113,1.276439911274826,6.88065905293613,33.97472766884532,0.09091629299827293,0.13566411369593712,77.34850901546197,0.11510294016853909,0.8662197031515338,0.0997044346646607,136029,117831,1181803,1.0,0.0577321262511603,0.001618713101929848,0.5015695182644877,136029,6999,5086,1913,68228,0.037389086150747264,0.7266752393199029,39886,0.033750125867001525,9080,0.007683175622332995,13679,0.011574687151750335,5583,0.004724137610075453,0.09588267646508145,x264_crf12,131100,1367296,0.09588267646508145,x264_crf12,131100,1367296
x264_crf23_ultrafast,ambush_5,libx264,preset,False,d1,True,669233,668196,2565.87264,41.80295578270375,20.0,24.285714285714285,,1,49,0,50,1,1,1,0,,0,49,63113,1.276439911274826,6.88065905293613,33.97472766884532,0.09091629299827293,0.13566411369593712,77.34850901546197,0.11510294016853909,0.8662197031515338,0.0997044346646607,136029,117831,1181803,2.0,0.06633846757877582,0.0011710919671045004,0.4508202848714513,173903,6999,5615,1384,78399,0.03228811463862038,0.8022574653521932,46732,0.039542969513531444,10213,0.008641880245692388,14981,0.012676393612133324,6473,0.005477224207418665,0.10404769706047556,x264_crf12,142264,1367296,0.10404769706047556,x264_crf12,142264,1367296
x264_crf23_ultrafast,ambush_7,libx264,preset,False,d1,True,588584,587547,2256.18048,43.94654408842547,20.0,22.387755102040817,,1,49,0,50,1,1,1,0,,0,49,73160,0.2904646655106994,2.9660110178537153,18.595444374318664,0.04707490431930016,0.023840485161954694,84.10600442496772,0.423492487819351,0.006250497580652295,0.002647038770539275,565235,3533,1334699,0.5,0.0015516607115162295,0.3728481103230017,0.003663962776544269,565235,1058347,560707,497640,2071,0.9919891726450061,0.5297950483159115,1846,0.00138308337685126,190,0.0001423541937170853,18,1.3486186773197553e-05,17,1.2736954174686577e-05,0.2330351291892904,x264_crf12,318628,1367296,0.2330351291892904,x264_crf12,318628,1367296
x264_crf23_ultrafast,ambush_7,libx264,preset,False,d1,True,588584,587547,2256.18048,43.94654408842547,20.0,22.387755102040817,,1,49,0,50,1,1,1,0,,0,49,73160,0.2904646655106994,2.9660110178537153,18.595444374318664,0.04707490431930016,0.023840485161954694,84.10600442496772,0.423492487819351,0.006250497580652295,0.002647038770539275,565235,3533,1334699,1.0,0.0015516607115162295,0.3728481103230017,0.003663962776544269,565235,1058347,560707,497640,2071,0.9919891726450061,0.5297950483159115,1846,0.00138308337685126,190,0.0001423541937170853,18,1.3486186773197553e-05,17,1.2736954174686577e-05,0.2155436715970792,x264_crf12,294712,1367296,0.2155436715970792,x264_crf12,294712,1367296
x264_crf23_ultrafast,ambush_7,libx264,preset,False,d1,True,588584,587547,2256.18048,43.94654408842547,20.0,22.387755102040817,,1,49,0,50,1,1,1,0,,0,49,73160,0.2904646655106994,2.9660110178537153,18.595444374318664,0.04707490431930016,0.023840485161954694,84.10600442496772,0.423492487819351,0.006250497580652295,0.002647038770539275,565235,3533,1334699,2.0,0.0035011639328417867,0.3098466395794108,0.007113250312431977,656943,1058347,644795,413552,4673,0.981508289151418,0.6092472506654245,4364,0.0032696510599018957,209,0.0001565896130887938,25,1.8730814962774377e-05,75,5.6192444888323135e-05,0.16267728421643887,x264_crf12,222428,1367296,0.16267728421643887,x264_crf12,222428,1367296
x264_crf23_ultrafast,bandage_2,libx264,preset,False,d1,True,1045146,1044109,4009.37856,40.82850134543436,20.0,23.693877551020407,,1,49,0,50,1,1,1,0,,0,49,84815,0.2139903763227074,0.8539274428890505,6.486821931809886,0.031044037021753228,0.020905495225613135,97.71377264116553,0.5143249630988592,0.03671719438284004,0.018884569646047844,688533,25281,1338712,0.5,0.011109932532165245,0.06600075296254908,0.021600998063999836,688533,737883,649527,88356,14873,0.9433491205214565,0.8802574391875134,14814,0.011065860319471254,58,4.3325226038162054e-05,1,7.469866558303803e-07,0,0.0,0.07615615053360794,x264_crf12,104128,1367296,0.07615615053360794,x264_crf12,104128,1367296
x264_crf23_ultrafast,bandage_2,libx264,preset,False,d1,True,1045146,1044109,4009.37856,40.82850134543436,20.0,23.693877551020407,,1,49,0,50,1,1,1,0,,0,49,84815,0.2139903763227074,0.8539274428890505,6.486821931809886,0.031044037021753228,0.020905495225613135,97.71377264116553,0.5143249630988592,0.03671719438284004,0.018884569646047844,688533,25281,1338712,1.0,0.011109932532165245,0.06600075296254908,0.021600998063999836,688533,737883,649527,88356,14873,0.9433491205214565,0.8802574391875134,14814,0.011065860319471254,58,4.3325226038162054e-05,1,7.469866558303803e-07,0,0.0,0.09558720277101666,x264_crf12,130696,1367296,0.09558720277101666,x264_crf12,130696,1367296
x264_crf23_ultrafast,bandage_2,libx264,preset,False,d1,True,1045146,1044109,4009.37856,40.82850134543436,20.0,23.693877551020407,,1,49,0,50,1,1,1,0,,0,49,84815,0.2139903763227074,0.8539274428890505,6.486821931809886,0.031044037021753228,0.020905495225613135,97.71377264116553,0.5143249630988592,0.03671719438284004,0.018884569646047844,688533,25281,1338712,2.0,0.01589811699603798,0.03428220558267947,0.024438050008267348,870896,737883,691989,45894,21283,0.7945713380242876,0.9378031476534898,20953,0.015651611399613956,267,0.00019944543710671153,59,4.407221269399244e-05,4,2.987946623321521e-06,0.07028909614304438,x264_crf12,96106,1367296,0.07028909614304438,x264_crf12,96106,1367296
x264_crf23_keyint30,alley_1,libx264,keyint,False,d1,True,336656,335609,1288.73856,41.34506818108841,22.870256696428573,24.840762183779763,,2,48,0,50,1,1,1,0,,0,48,114345,0.213706079182106,0.5246917450322145,2.9071345721971324,0.03399527975778959,0.018430750668960272,98.55496209798997,0.0009941386134999003,0.6312165263963274,0.0006275167223698683,1307,825,1314706,0.5,0.0002814317421537591,0.0012664428396919158,0.06469662528414058,5719,2251,586,1665,370,0.1024654659905578,0.2603287427809862,368,0.0002799104894934685,2,1.5212526602905896e-06,0,0.0,0,0.0,0.00713607368119266,x264_crf12,9558,1339392,0.00713607368119266,x264_crf12,9558,1339392
x264_crf23_keyint30,alley_1,libx264,keyint,False,d1,True,336656,335609,1288.73856,41.34506818108841,22.870256696428573,24.840762183779763,,2,48,0,50,1,1,1,0,,0,48,114345,0.213706079182106,0.5246917450322145,2.9071345721971324,0.03399527975778959,0.018430750668960272,98.55496209798997,0.0009941386134999003,0.6312165263963274,0.0006275167223698683,1307,825,1314706,1.0,0.0007400894192313719,0.0005856822742118771,0.0120025658105741,81066,2251,1481,770,973,0.018269064712703228,0.6579298089737894,935,0.0007111856186858506,38,2.8903800545521205e-05,0,0.0,0,0.0,0.08101287748470948,x264_crf12,108508,1339392,0.08101287748470948,x264_crf12,108508,1339392
x264_crf23_keyint30,alley_1,libx264,keyint,False,d1,True,336656,335609,1288.73856,41.34506818108841,22.870256696428573,24.840762183779763,,2,48,0,50,1,1,1,0,,0,48,114345,0.213706079182106,0.5246917450322145,2.9071345721971324,0.03399527975778959,0.018430750668960272,98.55496209798997,0.0009941386134999003,0.6312165263963274,0.0006275167223698683,1307,825,1314706,2.0,0.006134451352621803,0.0001901565825363237,0.00841968776686704,957874,2251,2001,250,8065,0.002089001267390074,0.8889382496668148,7806,0.005937449133114172,255,0.0001939597141870502,3,2.2818789904358844e-06,1,7.606263301452948e-07,0.06685570766437308,x264_crf12,89546,1339392,0.06685570766437308,x264_crf12,89546,1339392
x264_crf23_keyint30,ambush_5,libx264,keyint,False,d1,True,407095,406048,1559.22432,43.00933597941117,22.871651785714285,24.556047712053573,,2,48,0,50,1,1,1,0,,0,48,81623,1.2296840716899686,5.567197028744359,34.213944862637724,0.06267321536922547,0.1350008063360092,78.60980706438006,0.018018717853773566,0.8055662004215367,0.014515270077932076,20876,16817,1158573,0.5,0.009926003799501629,0.004353631579537932,0.41698393705355524,27579,6998,1954,5044,11500,0.07085100982631712,0.27922263503858247,7072,0.006104060771310914,1465,0.00126448657097999,2501,0.0021586900437003107,462,0.00039876641351041324,0.02726012996941896,x264_crf12,36512,1339392,0.02726012996941896,x264_crf12,36512,1339392
x264_crf23_keyint30,ambush_5,libx264,keyint,False,d1,True,407095,406048,1559.22432,43.00933597941117,22.871651785714285,24.556047712053573,,2,48,0,50,1,1,1,0,,0,48,81623,1.2296840716899686,5.567197028744359,34.213944862637724,0.06267321536922547,0.1350008063360092,78.60980706438006,0.018018717853773566,0.8055662004215367,0.014515270077932076,20876,16817,1158573,1.0,0.014334875748010699,0.0037563450900374856,0.38092616803137685,43599,6998,2646,4352,16608,0.06068946535470997,0.37810803086596173,10066,0.008688274282242035,2243,0.0019360023062854046,3485,0.0030080107166315802,814,0.0007025884428516804,0.03851747658639144,x264_crf12,51590,1339392,0.03851747658639144,x264_crf12,51590,1339392
x264_crf23_keyint30,ambush_5,libx264,keyint,False,d1,True,407095,406048,1559.22432,43.00933597941117,22.871651785714285,24.556047712053573,,2,48,0,50,1,1,1,0,,0,48,81623,1.2296840716899686,5.567197028744359,34.213944862637724,0.06267321536922547,0.1350008063360092,78.60980706438006,0.018018717853773566,0.8055662004215367,0.014515270077932076,20876,16817,1158573,2.0,0.028398728435756745,0.0025298362727251542,0.3118259188354152,105514,6998,4067,2931,32902,0.038544648103569196,0.5811660474421263,22327,0.019271120594041118,4044,0.003490500814363877,5163,0.0044563441405936445,1368,0.0011807628867581067,0.059558366781345566,x264_crf12,79772,1339392,0.059558366781345566,x264_crf12,79772,1339392
x264_crf23_keyint30,ambush_7,libx264,keyint,False,d1,True,287973,286926,1101.79584,43.976258182562816,21.686662946428573,23.270740327380953,,2,48,0,50,1,1,1,0,,0,48,93690,0.7803388535679708,3.237445346772756,21.869175098491816,0.039875358261680996,0.02389218391628445,88.65565083437166,0.16800406305382246,0.0037150518786962716,0.00062414381007671,219647,816,1307391,0.5,0.0006677420909276567,0.5352813351170385,0.0025172937794297016,346801,1044960,345138,699822,873,0.9952047427775583,0.33028824069820856,662,0.0005063519635671349,169,0.00012926507831245588,9,6.88393908172842e-06,33,2.5241109966337537e-05,0.1658767560206422,x264_crf12,222174,1339392,0.1658767560206422,x264_crf12,222174,1339392
x264_crf23_keyint30,ambush_7,libx264,keyint,False,d1,True,287973,286926,1101.79584,43.976258182562816,21.686662946428573,23.270740327380953,,2,48,0,50,1,1,1,0,,0,48,93690,0.7803388535679708,3.237445346772756,21.869175098491816,0.039875358261680996,0.02389218391628445,88.65565083437166,0.16800406305382246,0.0037150518786962716,0.00062414381007671,219647,816,1307391,1.0,0.0009438645363169855,0.4508391139299567,0.0026911795173759907,458535,1044960,455537,589423,1234,0.9934617859051108,0.4359372607563926,954,0.0007296975426632125,210,0.0001606252452403298,19,1.4532760283648886e-05,51,3.9008988129794375e-05,0.15465823298929662,x264_crf12,207148,1339392,0.15465823298929662,x264_crf12,207148,1339392
x264_crf23_keyint30,ambush_7,libx264,keyint,False,d1,True,287973,286926,1101.79584,43.976258182562816,21.686662946428573,23.270740327380953,,2,48,0,50,1,1,1,0,,0,48,93690,0.7803388535679708,3.237445346772756,21.869175098491816,0.039875358261680996,0.02389218391628445,88.65565083437166,0.16800406305382246,0.0037150518786962716,0.00062414381007671,219647,816,1307391,2.0,0.0033096449340709855,0.32219511989909677,0.00680381214748564,635967,1044960,623725,421235,4327,0.9807505735360482,0.5968888761292298,3957,0.0030266385495999284,286,0.00021875628637492534,25,1.9122053004801165e-05,59,4.512804509133075e-05,0.1311371129587156,x264_crf12,175644,1339392,0.1311371129587156,x264_crf12,175644,1339392
x264_crf23_keyint30,bandage_2,libx264,keyint,False,d1,True,474679,473632,1818.74688,40.50352584939735,21.388671875,24.958821614583332,,2,48,0,50,1,1,1,0,,0,48,119813,0.13741431735088763,0.6732773015332668,5.371172637928507,0.025734757876312717,0.020906500860091715,97.40336589420386,0.4384065762282769,0.005315503668323703,0.002330351764158641,574922,3056,1311390,0.5,0.001747001273457934,0.07708995798351367,0.0036127042297496967,634151,723437,622342,101095,2291,0.9813782521828397,0.8602573548214979,2216,0.0016898100488794332,66,5.03282776290806e-05,0,0.0,9,6.862946949420081e-06,0.06069619648318043,x264_crf12,81296,1339392,0.06069619648318043,x264_crf12,81296,1339392
x264_crf23_keyint30,bandage_2,libx264,keyint,False,d1,True,474679,473632,1818.74688,40.50352584939735,21.388671875,24.958821614583332,,2,48,0,50,1,1,1,0,,0,48,119813,0.13741431735088763,0.6732773015332668,5.371172637928507,0.025734757876312717,0.020906500860091715,97.40336589420386,0.4384065762282769,0.005315503668323703,0.002330351764158641,574922,3056,1311390,1.0,0.0030654496374076363,0.04481046828174685,0.005544682277292043,725019,723437,664673,58764,4020,0.9167663192274961,0.918771088567491,3902,0.0029754687774041283,100,7.625496610466757e-05,9,6.862946949420081e-06,9,6.862946949420081e-06,0.05346455705275229,x264_crf12,71610,1339392,0.05346455705275229,x264_crf12,71610,1339392
x264_crf23_keyint30,bandage_2,libx264,keyint,False,d1,True,474679,473632,1818.74688,40.50352584939735,21.388671875,24.958821614583332,,2,48,0,50,1,1,1,0,,0,48,119813,0.13741431735088763,0.6732773015332668,5.371172637928507,0.025734757876312717,0.020906500860091715,97.40336589420386,0.4384065762282769,0.005315503668323703,0.002330351764158641,574922,3056,1311390,2.0,0.012310601727937532,0.02572308771608751,0.01814401474538364,889770,723437,689704,33733,16144,0.7751486339166301,0.9533711988742627,15793,0.01204294679691015,268,0.0002043633091605091,70,5.3378476273267294e-05,13,9.913145593606784e-06,0.038698155581039756,x264_crf12,51832,1339392,0.038698155581039756,x264_crf12,51832,1339392
x264_crf23_umh16,alley_1,libx264,merange,False,d1,True,308795,307752,1181.76768,41.142162499384675,24.289620535714285,24.8026375728863,,1,49,0,50,1,1,1,0,,0,49,118931,0.21906534439142197,0.5563930928012105,3.1248208417946297,0.03429395652427298,0.01827841228234417,98.68457517820106,0.0009960485851193172,0.6028421839940165,0.0006004601044174791,1337,806,1342304,0.5,0.00020263666054783417,0.0011599458840918302,0.05759051450349354,4723,2272,715,1557,272,0.15138683040440398,0.3147007042253521,252,0.00018773690609578755,20,1.489975445204663e-05,0,0.0,0,0.0,0.006604275884665793,x264_crf12,9030,1367296,0.006604275884665793,x264_crf12,9030,1367296
x264_crf23_umh16,alley_1,libx264,merange,False,d1,True,308795,307752,1181.76768,41.142162499384675,24.289620535714285,24.8026375728863,,1,49,0,50,1,1,1,0,,0,49,118931,0.21906534439142197,0.5563930928012105,3.1248208417946297,0.03429395652427298,0.01827841228234417,98.68457517820106,0.0009960485851193172,0.6028421839940165,0.0006004601044174791,1337,806,1342304,1.0,0.0005989701289722746,0.0006034400553078885,0.009715542451120187,82754,2272,1462,810,804,0.0176668197307683,0.6434859154929577,752,0.0005602307673969533,52,3.873936157532124e-05,0,0.0,0,0.0,0.08335576202958248,x264_crf12,113972,1367296,0.08335576202958248,x264_crf12,113972,1367296
x264_crf23_umh16,alley_1,libx264,merange,False,d1,True,308795,307752,1181.76768,41.142162499384675,24.289620535714285,24.8026375728863,,1,49,0,50,1,1,1,0,,0,49,118931,0.21906534439142197,0.5563930928012105,3.1248208417946297,0.03429395652427298,0.01827841228234417,98.68457517820106,0.0009960485851193172,0.6028421839940165,0.0006004601044174791,1337,806,1342304,2.0,0.006009070970510406,0.00019816673421222018,0.00821772383516872,981537,2272,2006,266,8066,0.0020437334507002794,0.8829225352112676,7832,0.00583474384342146,232,0.0001728371516437409,2,1.489975445204663e-06,0,0.0,0.06808035714285714,x264_crf12,93086,1367296,0.06808035714285714,x264_crf12,93086,1367296
x264_crf23_umh16,ambush_5,libx264,merange,False,d1,True,397857,396814,1523.76576,42.930458135452284,24.052455357142858,24.573079901603496,,1,49,0,50,1,1,1,0,,0,49,85376,1.2628047419560888,5.968620552762565,35.322681637538494,0.06757089522599094,0.13566411369593712,79.17478632225506,0.016500211964261387,0.8043076923076923,0.013271247407562851,19500,15684,1181803,0.5,0.009455044537879832,0.0042274389217153785,0.4405456552594228,25364,6999,2003,4996,11174,0.07897019397571362,0.2861837405343621,7070,0.005982384542939897,1733,0.0014664034530289735,1869,0.0015814818544207453,502,0.00042477468749021623,0.02515914622729826,x264_crf12,34400,1367296,0.02515914622729826,x264_crf12,34400,1367296
x264_crf23_umh16,ambush_5,libx264,merange,False,d1,True,397857,396814,1523.76576,42.930458135452284,24.052455357142858,24.573079901603496,,1,49,0,50,1,1,1,0,,0,49,85376,1.2628047419560888,5.968620552762565,35.322681637538494,0.06757089522599094,0.13566411369593712,79.17478632225506,0.016500211964261387,0.8043076923076923,0.013271247407562851,19500,15684,1181803,1.0,0.01303855211063096,0.003418505453108513,0.36359989617499233,42379,6999,2959,4040,15409,0.06982231765733028,0.4227746820974425,10077,0.008526801844300616,2356,0.0019935640711692217,2291,0.001938563364621684,685,0.0005796228305394385,0.036951764650814456,x264_crf12,50524,1367296,0.036951764650814456,x264_crf12,50524,1367296
x264_crf23_umh16,ambush_5,libx264,merange,False,d1,True,397857,396814,1523.76576,42.930458135452284,24.052455357142858,24.573079901603496,,1,49,0,50,1,1,1,0,,0,49,85376,1.2628047419560888,5.968620552762565,35.322681637538494,0.06757089522599094,0.13566411369593712,79.17478632225506,0.016500211964261387,0.8043076923076923,0.013271247407562851,19500,15684,1181803,2.0,0.028163746411203897,0.0025393403130640215,0.30996749830041254,107379,6999,3998,3001,33284,0.037232606003035976,0.5712244606372339,23542,0.01992040974680213,4241,0.0035885845610478225,4415,0.0037358172216520012,1086,0.0009189348817019419,0.05963595300505523,x264_crf12,81540,1367296,0.05963595300505523,x264_crf12,81540,1367296
x264_crf23_umh16,ambush_7,libx264,merange,False,d1,True,274948,273905,1051.7952,43.87843695726472,22.640066964285715,23.210140306122444,,1,49,0,50,1,1,1,0,,0,49,97002,0.7882201657547647,3.557263224739405,22.82247570764681,0.04106059427504667,0.023840485161954694,89.18595128939184,0.16575947086196963,0.003841998924240301,0.0006368477087343289,221239,850,1334699,0.5,0.0006713124082658338,0.5283341037941888,0.0025245552443690584,354914,1058347,353180,705167,896,0.9951143093819911,0.33370907651271275,719,0.0005386982383293912,145,0.00010863872678409139,0,0.0,32,2.3975443152351203e-05,0.16251345721774949,x264_crf12,222204,1367296,0.16251345721774949,x264_crf12,222204,1367296
x264_crf23_umh16,ambush_7,libx264,merange,False,d1,True,274948,273905,1051.7952,43.87843695726472,22.640066964285715,23.210140306122444,,1,49,0,50,1,1,1,0,,0,49,97002,0.7882201657547647,3.557263224739405,22.82247570764681,0.04106059427504667,0.023840485161954694,89.18595128939184,0.16575947086196963,0.003841998924240301,0.0006368477087343289,221239,850,1334699,1.0,0.0010077178449972616,0.44937922333050373,0.002913216472560533,461689,1058347,458561,599786,1345,0.9932248764861195,0.43328038913513245,1150,0.0008616174882876215,155,0.00011613105276920115,4,2.9969303940439004e-06,36,2.6972373546395105e-05,0.15446691864819323,x264_crf12,211202,1367296,0.15446691864819323,x264_crf12,211202,1367296
x264_crf23_umh16,ambush_7,libx264,merange,False,d1,True,274948,273905,1051.7952,43.87843695726472,22.640066964285715,23.210140306122444,,1,49,0,50,1,1,1,0,,0,49,97002,0.7882201657547647,3.557263224739405,22.82247570764681,0.04106059427504667,0.023840485161954694,89.18595128939184,0.16575947086196963,0.003841998924240301,0.0006368477087343289,221239,850,1334699,2.0,0.003486179280871567,0.32461626179385766,0.0072938122513473095,637938,1058347,625082,433265,4653,0.9798475713940853,0.5906210345000269,4324,0.0032396817559614565,286,0.0002142805231741389,5,3.746162992554876e-06,38,2.8470838743417056e-05,0.13372963864444862,x264_crf12,182848,1367296,0.13372963864444862,x264_crf12,182848,1367296
x264_crf23_umh16,bandage_2,libx264,merange,False,d1,True,439380,438337,1683.21408,40.390319937787844,22.537388392857142,24.845993531341108,,1,49,0,50,1,1,1,0,,0,49,123472,0.13909296548935685,0.7146226110087213,5.570633508061192,0.026379773624387693,0.020905495225613135,97.47757546059198,0.43634627911006996,0.004805338427984977,0.0020967915429158774,584142,2807,1338712,0.5,0.0016321658429893809,0.07672374640699418,0.0033826566471912337,645942,737883,635172,102711,2185,0.9833266763889018,0.8608031354564342,2124,0.0015865996569837276,61,4.556618600565319e-05,0,0.0,0,0.0,0.05931853819509455,x264_crf12,81106,1367296,0.05931853819509455,x264_crf12,81106,1367296
x264_crf23_umh16,bandage_2,libx264,merange,False,d1,True,439380,438337,1683.21408,40.390319937787844,22.537388392857142,24.845993531341108,,1,49,0,50,1,1,1,0,,0,49,123472,0.13909296548935685,0.7146226110087213,5.570633508061192,0.026379773624387693,0.020905495225613135,97.47757546059198,0.43634627911006996,0.004805338427984977,0.0020967915429158774,584142,2807,1338712,1.0,0.0030178260895547364,0.04550119816659595,0.005490458290184311,735822,737883,676970,60913,4040,0.9200187001747705,0.9174489722625403,3915,0.0029244527575759387,123,9.187935866713677e-05,2,1.4939733116607605e-06,0,0.0,0.05307994757536042,x264_crf12,72576,1367296,0.05307994757536042,x264_crf12,72576,1367296
x264_crf23_umh16,bandage_2,libx264,merange,False,d1,True,439380,438337,1683.21408,40.390319937787844,22.537388392857142,24.845993531341108,,1,49,0,50,1,1,1,0,,0,49,123472,0.13909296548935685,0.7146226110087213,5.570633508061192,0.026379773624387693,0.020905495225613135,97.47757546059198,0.43634627911006996,0.004805338427984977,0.0020967915429158774,584142,2807,1338712,2.0,0.011802389162120008,0.025641810934689462,0.01743261686749115,906347,737883,703556,34327,15800,0.7762545691661141,0.953479074595837,15450,0.011540943832579375,293,0.0002188670901583014,55,4.1084266070670916e-05,2,1.4939733116607605e-06,0.03928629938213818,x264_crf12,53716,1367296,0.03928629938213818,x264_crf12,53716,1367296
x264_crf23_umh32,alley_1,libx264,merange,False,d1,True,308692,307649,1181.37216,41.12566877087631,24.289620535714285,24.82284074344023,,1,49,0,50,1,1,1,0,,0,49,118689,0.21583646006438645,0.5769819481689201,3.1673183471972703,0.03464206599043955,0.01827841228234417,98.63436300569767,0.001838629699382554,0.4380064829821718,0.0008053317281331204,2468,1081,1342304,0.5,0.00022051636589029013,0.0011957052947767421,0.04521845401772075,6546,2272,667,1605,296,0.10189428658722884,0.2935739436619718,290,0.00021604643955467614,6,4.469926335613989e-06,0,0.0,0,0.0,0.006877808462834675,x264_crf12,9404,1367296,0.006877808462834675,x264_crf12,9404,1367296
x264_crf23_umh32,alley_1,libx264,merange,False,d1,True,308692,307649,1181.37216,41.12566877087631,24.289620535714285,24.82284074344023,,1,49,0,50,1,1,1,0,,0,49,118689,0.21583646006438645,0.5769819481689201,3.1673183471972703,0.03464206599043955,0.01827841228234417,98.63436300569767,0.001838629699382554,0.4380064829821718,0.0008053317281331204,2468,1081,1342304,1.0,0.0006436693923284145,0.0005192564426538251,0.010665218303687154,81011,2272,1575,697,864,0.019441804199429705,0.6932218309859155,831,0.0006190847974825375,31,2.3094619400672276e-05,2,1.489975445204663e-06,0,0.0,0.08004850449354053,x264_crf12,109450,1367296,0.08004850449354053,x264_crf12,109450,1367296
x264_crf23_umh32,alley_1,libx264,merange,False,d1,True,308692,307649,1181.37216,41.12566877087631,24.289620535714285,24.82284074344023,,1,49,0,50,1,1,1,0,,0,49,118689,0.21583646006438645,0.5769819481689201,3.1673183471972703,0.03464206599043955,0.01827841228234417,98.63436300569767,0.001838629699382554,0.4380064829821718,0.0008053317281331204,2468,1081,1342304,2.0,0.006034400553078885,0.00018550194292798054,0.008269415515669521,979513,2272,2023,249,8100,0.002065312047925857,0.8904049295774648,7845,0.0058444286838152905,249,0.00018550194292798054,5,3.7249386130116576e-06,1,7.449877226023315e-07,0.06830561926605505,x264_crf12,93394,1367296,0.06830561926605505,x264_crf12,93394,1367296
x264_crf23_umh32,ambush_5,libx264,merange,False,d1,True,399187,398144,1528.87296,42.92998107120278,24.052455357142858,24.58454810495627,,1,49,0,50,1,1,1,0,,0,49,86301,1.3127299195932518,6.22459084410758,35.89543669038226,0.06950950240517309,0.13566411369593712,79.61445350874892,0.016910601851577632,0.7888916687515637,0.01334063291428436,19985,15766,1181803,0.5,0.00928327310050829,0.004309516899178628,0.42524904066049074,25799,6999,1906,5093,10971,0.0738788325128881,0.27232461780254325,6482,0.005484839689863708,1628,0.0013775561578367969,2414,0.0020426416247039483,447,0.00037823562810383797,0.025878814828683767,x264_crf12,35384,1367296,0.025878814828683767,x264_crf12,35384,1367296
x264_crf23_umh32,ambush_5,libx264,merange,False,d1,True,399187,398144,1528.87296,42.92998107120278,24.052455357142858,24.58454810495627,,1,49,0,50,1,1,1,0,,0,49,86301,1.3127299195932518,6.22459084410758,35.89543669038226,0.06950950240517309,0.13566411369593712,79.61445350874892,0.016910601851577632,0.7888916687515637,0.01334063291428436,19985,15766,1181803,1.0,0.01296070495674829,0.003846664799463193,0.3898447442097226,39290,6999,2453,4546,15317,0.06243318910664291,0.35047863980568655,9555,0.008085103862488079,2199,0.0018607162107390149,2896,0.002450493017871845,667,0.000564391865649351,0.03702782718592024,x264_crf12,50628,1367296,0.03702782718592024,x264_crf12,50628,1367296
x264_crf23_umh32,ambush_5,libx264,merange,False,d1,True,399187,398144,1528.87296,42.92998107120278,24.052455357142858,24.58454810495627,,1,49,0,50,1,1,1,0,,0,49,86301,1.3127299195932518,6.22459084410758,35.89543669038226,0.06950950240517309,0.13566411369593712,79.61445350874892,0.016910601851577632,0.7888916687515637,0.01334063291428436,19985,15766,1181803,2.0,0.0264045699663988,0.002635803090701242,0.3035062977192044,102815,6999,3884,3115,31205,0.037776589019111996,0.5549364194884984,22061,0.018667239802234382,3898,0.0032983500634200455,4059,0.0034345825827147166,1187,0.0010043975180296547,0.06090414950383823,x264_crf12,83274,1367296,0.06090414950383823,x264_crf12,83274,1367296
x264_crf23_umh32,ambush_7,libx264,merange,False,d1,True,276161,275118,1056.4531200000001,43.89080793436315,22.640066964285715,23.265636388483962,,1,49,0,50,1,1,1,0,,0,49,97785,0.8124098146253355,3.962142240108783,23.011385692441156,0.040805952365534304,0.023840485161954694,89.27353658015777,0.15818472929102367,0.0036233771769865817,0.0005731629378608959,211129,765,1334699,0.5,0.0005461905643145008,0.5382569403288682,0.0021359883267798438,341294,1058347,339936,718411,729,0.9960210258604019,0.3211952223609081,492,0.00036862243846739974,179,0.00013411263513346455,26,1.9480047561285354e-05,32,2.3975443152351203e-05,0.16156121278786745,x264_crf12,220902,1367296,0.16156121278786745,x264_crf12,220902,1367296
x264_crf23_umh32,ambush_7,libx264,merange,False,d1,True,276161,275118,1056.4531200000001,43.89080793436315,22.640066964285715,23.265636388483962,,1,49,0,50,1,1,1,0,,0,49,97785,0.8124098146253355,3.962142240108783,23.011385692441156,0.040805952365534304,0.023840485161954694,89.27353658015777,0.15818472929102367,0.0036233771769865817,0.0005731629378608959,211129,765,1334699,1.0,0.0007979327174141885,0.4558353606318728,0.002352177254777239,452772,1058347,449944,608403,1065,0.9937540307262817,0.4251384470310777,812,0.0006083768699909118,189,0.0001416049611185743,27,2.0229280159796328e-05,37,2.772160614490608e-05,0.1533449962553829,x264_crf12,209668,1367296,0.1533449962553829,x264_crf12,209668,1367296
x264_crf23_umh32,ambush_7,libx264,merange,False,d1,True,276161,275118,1056.4531200000001,43.89080793436315,22.640066964285715,23.265636388483962,,1,49,0,50,1,1,1,0,,0,49,97785,0.8124098146253355,3.962142240108783,23.011385692441156,0.040805952365534304,0.023840485161954694,89.27353658015777,0.15818472929102367,0.0036233771769865817,0.0005731629378608959,211129,765,1334699,2.0,0.0035685948667077746,0.3263387475378344,0.007490536572784646,635869,1058347,622783,435564,4763,0.9794202893992316,0.5884487790866323,4327,0.0032419294537569896,365,0.00027346989845650595,28,2.0978512758307305e-05,43,3.221700173597193e-05,0.13365650159146228,x264_crf12,182748,1367296,0.13365650159146228,x264_crf12,182748,1367296
x264_crf23_umh32,bandage_2,libx264,merange,False,d1,True,439639,438596,1684.2086399999998,40.39930415982726,22.533482142857142,24.8244465196793,,1,49,0,50,1,1,1,0,,0,49,123403,0.13852364749134644,0.7390545164572103,5.617548500612463,0.026330973767176254,0.020905495225613135,97.42707916265783,0.4375489276259569,0.005321364673103976,0.002328357406223295,585752,3117,1338712,0.5,0.00192498461207489,0.07621579548102952,0.00398147232590908,647248,737883,635852,102031,2577,0.9823931476033916,0.8617246907707591,2506,0.0018719485595109328,52,3.884330610317977e-05,10,7.469866558303802e-06,9,6.7228799024734226e-06,0.05963887848717469,x264_crf12,81544,1367296,0.05963887848717469,x264_crf12,81544,1367296
x264_crf23_umh32,bandage_2,libx264,merange,False,d1,True,439639,438596,1684.2086399999998,40.39930415982726,22.533482142857142,24.8244465196793,,1,49,0,50,1,1,1,0,,0,49,123403,0.13852364749134644,0.7390545164572103,5.617548500612463,0.026330973767176254,0.020905495225613135,97.42707916265783,0.4375489276259569,0.005321364673103976,0.002328357406223295,585752,3117,1338712,1.0,0.003309897871984415,0.04570437853698182,0.006010172939979654,737250,737883,676698,61185,4431,0.9178677517802645,0.9170803501368103,4315,0.0032232474199080908,97,7.245770561554688e-05,10,7.469866558303802e-06,9,6.7228799024734226e-06,0.052679156524995316,x264_crf12,72028,1367296,0.052679156524995316,x264_crf12,72028,1367296
x264_crf23_umh32,bandage_2,libx264,merange,False,d1,True,439639,438596,1684.2086399999998,40.39930415982726,22.533482142857142,24.8244465196793,,1,49,0,50,1,1,1,0,,0,49,123403,0.13852364749134644,0.7390545164572103,5.617548500612463,0.026330973767176254,0.020905495225613135,97.42707916265783,0.4375489276259569,0.005321364673103976,0.002328357406223295,585752,3117,1338712,2.0,0.011881569747638028,0.02562238928163787,0.017536741601525893,907010,737883,703582,34301,15906,0.7757158134970948,0.9535143105343259,15518,0.011591738925175841,310,0.00023156586330741789,55,4.1084266070670916e-05,23,1.7180693084098744e-05,0.03892792782250515,x264_crf12,53226,1367296,0.03892792782250515,x264_crf12,53226,1367296
x264_crf23_umh64,alley_1,libx264,merange,False,d1,True,309095,308052,1182.91968,41.14021742513247,24.289620535714285,24.83455949344023,,1,49,0,50,1,1,1,0,,0,49,118966,0.21647758017433913,0.6091386730573709,3.2092112449120607,0.03460238858141567,0.01827841228234417,98.6818932223997,0.0013163933058383199,0.8488964346349746,0.0011174815839034972,1767,1500,1342304,0.5,0.00026521562924643004,0.0012173099387322098,0.061677061677061676,5772,2272,638,1634,356,0.11053361053361054,0.28080985915492956,328,0.0002443559730135647,28,2.0859656232865284e-05,0,0.0,0,0.0,0.006874882980715222,x264_crf12,9400,1367296,0.006874882980715222,x264_crf12,9400,1367296
x264_crf23_umh64,alley_1,libx264,merange,False,d1,True,309095,308052,1182.91968,41.14021742513247,24.289620535714285,24.83455949344023,,1,49,0,50,1,1,1,0,,0,49,118966,0.21647758017433913,0.6091386730573709,3.2092112449120607,0.03460238858141567,0.01827841228234417,98.6818932223997,0.0013163933058383199,0.8488964346349746,0.0011174815839034972,1767,1500,1342304,1.0,0.0007338129067632965,0.0005475659761127136,0.011879062699743122,82919,2272,1537,735,985,0.01853616179645196,0.6764964788732394,935,0.00069656352063318,47,3.501442296230958e-05,3,2.2349631678069946e-06,0,0.0,0.0813635087062348,x264_crf12,111248,1367296,0.0813635087062348,x264_crf12,111248,1367296
x264_crf23_umh64,alley_1,libx264,merange,False,d1,True,309095,308052,1182.91968,41.14021742513247,24.289620535714285,24.83455949344023,,1,49,0,50,1,1,1,0,,0,49,118966,0.21647758017433913,0.6091386730573709,3.2092112449120607,0.03460238858141567,0.01827841228234417,98.6818932223997,0.0013163933058383199,0.8488964346349746,0.0011174815839034972,1767,1500,1342304,2.0,0.006285461415595871,0.00019295182015400386,0.008600241177795741,981019,2272,2013,259,8437,0.002051948025471474,0.8860035211267606,8209,0.00611560421484254,224,0.00016687724986292227,4,2.979950890409326e-06,0,0.0,0.06862742229919491,x264_crf12,93834,1367296,0.06862742229919491,x264_crf12,93834,1367296
x264_crf23_umh64,ambush_5,libx264,merange,False,d1,True,398929,397886,1527.88224,42.93437070330934,24.052455357142858,24.57207771501458,,1,49,0,50,1,1,1,0,,0,49,86587,1.33834022312645,6.66206852085743,36.32013257127397,0.0710190232331642,0.13566411369593712,79.7748863389245,0.016179515536853435,0.7999058626640866,0.012942089332993739,19121,15295,1181803,0.5,0.00837449219539974,0.004207130968528596,0.3950267422367686,25054,6999,2027,4972,9897,0.08090524467150954,0.2896128018288327,5801,0.0049086015181887335,1335,0.001129629896014818,1983,0.0016779446320579657,778,0.0006583161491382235,0.025745705392248644,x264_crf12,35202,1367296,0.025745705392248644,x264_crf12,35202,1367296
x264_crf23_umh64,ambush_5,libx264,merange,False,d1,True,398929,397886,1527.88224,42.93437070330934,24.052455357142858,24.57207771501458,,1,49,0,50,1,1,1,0,,0,49,86587,1.33834022312645,6.66206852085743,36.32013257127397,0.0710190232331642,0.13566411369593712,79.7748863389245,0.016179515536853435,0.7999058626640866,0.012942089332993739,19121,15295,1181803,1.0,0.012563853704889901,0.003686739668117275,0.36438598213409246,40748,6999,2642,4357,14848,0.06483753803867674,0.3774824974996428,9086,0.0076882526106296905,2081,0.0017608687742373306,2610,0.002208489909062678,1071,0.0009062424109602023,0.036953227391874184,x264_crf12,50526,1367296,0.036953227391874184,x264_crf12,50526,1367296
x264_crf23_umh64,ambush_5,libx264,merange,False,d1,True,398929,397886,1527.88224,42.93437070330934,24.052455357142858,24.57207771501458,,1,49,0,50,1,1,1,0,,0,49,86587,1.33834022312645,6.66206852085743,36.32013257127397,0.0710190232331642,0.13566411369593712,79.7748863389245,0.016179515536853435,0.7999058626640866,0.012942089332993739,19121,15295,1181803,2.0,0.026959654020170875,0.0025647252545475006,0.3104422640332843,102631,6999,3968,3031,31861,0.038662782200309845,0.5669381340191456,22166,0.018756087097426558,3715,0.0031435019203708233,4589,0.00388304988225618,1391,0.0011770151201173124,0.06074763621044748,x264_crf12,83060,1367296,0.06074763621044748,x264_crf12,83060,1367296
x264_crf23_umh64,ambush_7,libx264,merange,False,d1,True,275414,274371,1053.5846399999998,43.88026862204509,22.640066964285715,23.217736424927114,,1,49,0,50,1,1,1,0,,0,49,97264,0.8099130936206185,4.401964607845234,23.615280910964454,0.0409890506712751,0.023840485161954694,89.61563618463788,0.1588957510270106,0.0031780759909090053,0.0005049827713963972,212078,674,1334699,0.5,0.0005866491246340935,0.5329381381120387,0.0022456442245644224,348675,1058347,347035,711312,783,0.995296479529648,0.32790285227812804,665,0.0004982396780097985,106,7.941865544216336e-05,1,7.492325985109751e-07,11,8.241558583620726e-06,0.16362221494102228,x264_crf12,223720,1367296,0.16362221494102228,x264_crf12,223720,1367296
x264_crf23_umh64,ambush_7,libx264,merange,False,d1,True,275414,274371,1053.5846399999998,43.88026862204509,22.640066964285715,23.217736424927114,,1,49,0,50,1,1,1,0,,0,49,97264,0.8099130936206185,4.401964607845234,23.615280910964454,0.0409890506712751,0.023840485161954694,89.61563618463788,0.1588957510270106,0.0031780759909090053,0.0005049827713963972,212078,674,1334699,1.0,0.0008623667208861324,0.4537922033357334,0.00252619472988811,455626,1058347,452671,605676,1151,0.9935144175266556,0.42771510667106344,1011,0.0007574741570945959,123,9.215560961684993e-05,1,7.492325985109751e-07,16,1.1987721576175602e-05,0.1517315928665044,x264_crf12,207462,1367296,0.1517315928665044,x264_crf12,207462,1367296
x264_crf23_umh64,ambush_7,libx264,merange,False,d1,True,275414,274371,1053.5846399999998,43.88026862204509,22.640066964285715,23.217736424927114,,1,49,0,50,1,1,1,0,,0,49,97264,0.8099130936206185,4.401964607845234,23.615280910964454,0.0409890506712751,0.023840485161954694,89.61563618463788,0.1588957510270106,0.0031780759909090053,0.0005049827713963972,212078,674,1334699,2.0,0.0036008118684437464,0.3271389279530441,0.007569183375515597,634943,1058347,621715,436632,4806,0.9791666338553224,0.5874396582595312,4629,0.0034681976985073038,155,0.00011613105276920115,6,4.495395591065851e-06,16,1.1987721576175602e-05,0.1327788569556263,x264_crf12,181548,1367296,0.1327788569556263,x264_crf12,181548,1367296
x264_crf23_umh64,bandage_2,libx264,merange,False,d1,True,439777,438734,1684.73856,40.396168302559424,22.533482142857142,24.823592383381918,,1,49,0,50,1,1,1,0,,0,49,123373,0.1394898450818348,0.7755280638515849,5.5913932536932505,0.02641449988705401,0.020905495225613135,97.47443811663749,0.4359249786361816,0.004592359547481228,0.002001924237625419,583578,2680,1338712,0.5,0.0013938770997794895,0.07683952933864789,0.0028887103440909155,645963,737883,635017,102866,1866,0.9830547570062063,0.8605930750539043,1829,0.0013662385935137656,33,2.465055964240255e-05,4,2.987946623321521e-06,0,0.0,0.05927465596330275,x264_crf12,81046,1367296,0.05927465596330275,x264_crf12,81046,1367296
x264_crf23_umh64,bandage_2,libx264,merange,False,d1,True,439777,438734,1684.73856,40.396168302559424,22.533482142857142,24.823592383381918,,1,49,0,50,1,1,1,0,,0,49,123373,0.1394898450818348,0.7755280638515849,5.5913932536932505,0.02641449988705401,0.020905495225613135,97.47443811663749,0.4359249786361816,0.004592359547481228,0.002001924237625419,583578,2680,1338712,1.0,0.0028990552112777056,0.04515609033160232,0.005259463239319807,737908,737883,677432,60451,3881,0.9180439838028589,0.9180750877849199,3798,0.002837055318843784,75,5.602399918727852e-05,8,5.975893246643042e-06,0,0.0,0.052704023123010674,x264_crf12,72062,1367296,0.052704023123010674,x264_crf12,72062,1367296
x264_crf23_umh64,bandage_2,libx264,merange,False,d1,True,439777,438734,1684.73856,40.396168302559424,22.533482142857142,24.823592383381918,,1,49,0,50,1,1,1,0,,0,49,123373,0.1394898450818348,0.7755280638515849,5.5913932536932505,0.02641449988705401,0.020905495225613135,97.47443811663749,0.4359249786361816,0.004592359547481228,0.002001924237625419,583578,2680,1338712,2.0,0.011246631090182205,0.025957039303449884,0.01664157608635581,904722,737883,703134,34749,15056,0.7771823830966861,0.9529071682095942,14783,0.011042703733140511,250,0.00018674666395759507,21,1.5686719772437987e-05,2,1.4939733116607605e-06,0.03897619827747613,x264_crf12,53292,1367296,0.03897619827747613,x264_crf12,53292,1367296
x264_crf23_bf2,alley_1,libx264,bframes,False,B_naive,True,263242,261911,1005.73824,41.65745007670352,22.697544642857142,23.68720456932773,28.97389439174107,1,17,32,50,1,1,1,0,,0,32,99517,2.319120904352599,3.627170354259101,37.245924612823245,0.042590277857413164,0.018322865897362428,99.59432650327928,0.02170056595787886,0.9085795394806014,0.01971669022447799,19022,17283,876567,0.5,0.011555306097537325,0.0014716501990150212,0.48198905543659293,21015,1537,247,1290,10129,0.011753509398049013,0.16070266753415746,6913,0.007886447926969645,2930,0.003342585335747296,219,0.0002498382896002245,67,7.643454522016002e-05,0.02890938575114679,x264_crf12,25814,892928,0.02890938575114679,x264_crf12,25814,892928
x264_crf23_bf2,alley_1,libx264,bframes,False,B_naive,True,263242,261911,1005.73824,41.65745007670352,22.697544642857142,23.68720456932773,28.97389439174107,1,17,32,50,1,1,1,0,,0,32,99517,2.319120904352599,3.627170354259101,37.245924612823245,0.042590277857413164,0.018322865897362428,99.59432650327928,0.02170056595787886,0.9085795394806014,0.01971669022447799,19022,17283,876567,1.0,0.012534124601998478,0.0007997106895422712,0.23343815068202098,47066,1537,836,701,10987,0.017762291250584285,0.5439167208848406,7735,0.008824197123551309,2963,0.003380232201303494,222,0.0002532607319235153,67,7.643454522016002e-05,0.09421588302752294,x264_crf12,84128,892928,0.09421588302752294,x264_crf12,84128,892928
x264_crf23_bf2,alley_1,libx264,bframes,False,B_naive,True,263242,261911,1005.73824,41.65745007670352,22.697544642857142,23.68720456932773,28.97389439174107,1,17,32,50,1,1,1,0,,0,32,99517,2.319120904352599,3.627170354259101,37.245924612823245,0.042590277857413164,0.018322865897362428,99.59432650327928,0.02170056595787886,0.9085795394806014,0.01971669022447799,19022,17283,876567,2.0,0.021341209513933333,0.000270372943539969,0.04839890612832036,386517,1537,1300,237,18707,0.003363370821981957,0.8458035133376708,15339,0.017498947598985588,3079,0.00351256663780407,222,0.0002532607319235153,67,7.643454522016002e-05,0.3728878476204128,x264_crf12,332962,892928,0.3728878476204128,x264_crf12,332962,892928
x264_crf23_bf2,alley_1,libx264,bframes,False,B_scaled,True,263242,261911,1005.73824,41.65745007670352,22.697544642857142,23.68720456932773,28.97389439174107,1,17,32,50,1,1,1,0,,0,32,99517,0.18634491074795317,0.6124498037864292,4.407167411275737,0.042590277857413164,0.018322865897362428,99.59432650327928,0.02170056595787886,0.9085795394806014,0.01971669022447799,19022,17283,876567,0.5,0.011853058579663619,0.0014408482181054044,0.4771526980482204,21775,1537,274,1263,10390,0.012583237657864524,0.1782693558880937,7174,0.008184200409095939,2930,0.003342585335747296,219,0.0002498382896002245,67,7.643454522016002e-05,0.029709002293577983,x264_crf12,26528,892928,0.029709002293577983,x264_crf12,26528,892928
x264_crf23_bf2,alley_1,libx264,bframes,False,B_scaled,True,263242,261911,1005.73824,41.65745007670352,22.697544642857142,23.68720456932773,28.97389439174107,1,17,32,50,1,1,1,0,,0,32,99517,0.18634491074795317,0.6124498037864292,4.407167411275737,0.042590277857413164,0.018322865897362428,99.59432650327928,0.02170056595787886,0.9085795394806014,0.01971669022447799,19022,17283,876567,1.0,0.012682430436007744,0.0006901925351969672,0.14559813500275035,76354,1537,932,605,11117,0.012206302223852057,0.6063760572543917,7847,0.00895196830362083,2981,0.0034007668552432386,222,0.0002532607319235153,67,7.643454522016002e-05,0.1037261682912844,x264_crf12,92620,892928,0.1037261682912844,x264_crf12,92620,892928
x264_crf23_bf2,alley_1,libx264,bframes,False,B_scaled,True,263242,261911,1005.73824,41.65745007670352,22.697544642857142,23.68720456932773,28.97389439174107,1,17,32,50,1,1,1,0,,0,32,99517,0.18634491074795317,0.6124498037864292,4.407167411275737,0.042590277857413164,0.018322865897362428,99.59432650327928,0.02170056595787886,0.9085795394806014,0.01971669022447799,19022,17283,876567,2.0,0.026042504452027056,0.00010951815434530389,0.03320223869308728,687544,1537,1441,96,22828,0.0020958658645846666,0.937540663630449,19370,0.022097569267380587,3169,0.0036152399075027922,222,0.0002532607319235153,67,7.643454522016002e-05,0.08948761826261468,x264_crf12,79906,892928,0.08948761826261468,x264_crf12,79906,892928
x264_crf23_bf2,alley_1,libx264,bframes,False,dgt1_naive,True,263242,261911,1005.73824,41.65745007670352,22.697544642857142,23.68720456932773,28.97389439174107,1,17,32,50,1,1,1,0,,0,16,38303,2.748320795066455,4.6116790112849975,37.375019681939854,0.022020326455189407,0.01869579630160545,92.65196283184629,0.00010042979386784808,0.9318181818181818,9.358230792231299e-05,44,41,438117,0.5,0.00011184227044373992,0.001654809103504315,0.16279069767441862,301,727,2,725,49,0.006644518272425249,0.002751031636863824,45,0.00010271228918302646,4,9.129981260713462e-06,0,0.0,0,0.0,0.005088876146788991,x264_crf12,2272,446464,0.005088876146788991,x264_crf12,2272,446464
x264_crf23_bf2,alley_1,libx264,bframes,False,dgt1_naive,True,263242,261911,1005.73824,41.65745007670352,22.697544642857142,23.68720456932773,28.97389439174107,1,17,32,50,1,1,1,0,,0,16,38303,2.748320795066455,4.6116790112849975,37.375019681939854,0.022020326455189407,0.01869579630160545,92.65196283184629,0.00010042979386784808,0.9318181818181818,9.358230792231299e-05,44,41,438117,1.0,0.0002670519518758688,0.0014950344314418294,0.11770623742454728,994,727,72,655,117,0.07243460764587525,0.09903713892709766,104,0.00023737951277855003,13,2.9672439097318753e-05,0,0.0,0,0.0,0.07179974197247706,x264_crf12,32056,446464,0.07179974197247706,x264_crf12,32056,446464
x264_crf23_bf2,alley_1,libx264,bframes,False,dgt1_naive,True,263242,261911,1005.73824,41.65745007670352,22.697544642857142,23.68720456932773,28.97389439174107,1,17,32,50,1,1,1,0,,0,16,38303,2.748320795066455,4.6116790112849975,37.375019681939854,0.022020326455189407,0.01869579630160545,92.65196283184629,0.00010042979386784808,0.9318181818181818,9.358230792231299e-05,44,41,438117,2.0,0.000493018988078527,0.001148095143534718,0.08086858854361663,2671,727,224,503,216,0.08386372145263946,0.3081155433287483,202,0.00046106405366602986,14,3.195493441249712e-05,0,0.0,0,0.0,0.7162637973050459,x264_crf12,319786,446464,0.7162637973050459,x264_crf12,319786,446464
x264_crf23_bf2,alley_1,libx264,bframes,False,dgt1_scaled,True,263242,261911,1005.73824,41.65745007670352,22.697544642857142,23.68720456932773,28.97389439174107,1,17,32,50,1,1,1,0,,0,16,38303,0.07111438121945605,0.439260042606242,3.3656117146906,0.022020326455189407,0.01869579630160545,92.65196283184629,0.00010042979386784808,0.9318181818181818,9.358230792231299e-05,44,41,438117,0.5,0.00036063425979818175,0.0013580847125311275,0.08633879781420765,1830,727,132,595,158,0.07213114754098361,0.1815680880330124,145,0.000330961820700863,13,2.9672439097318753e-05,0,0.0,0,0.0,0.008179830848623853,x264_crf12,3652,446464,0.008179830848623853,x264_crf12,3652,446464
x264_crf23_bf2,alley_1,libx264,bframes,False,dgt1_scaled,True,263242,261911,1005.73824,41.65745007670352,22.697544642857142,23.68720456932773,28.97389439174107,1,17,32,50,1,1,1,0,,0,16,38303,0.07111438121945605,0.439260042606242,3.3656117146906,0.022020326455189407,0.01869579630160545,92.65196283184629,0.00010042979386784808,0.9318181818181818,9.358230792231299e-05,44,41,438117,1.0,0.0010431003590365131,0.0010042979386784808,0.014549506526583891,31410,727,287,440,457,0.009137217446673035,0.3947730398899587,425,0.0009700605089508053,32,7.30398500857077e-05,0,0.0,0,0.0,0.08144441657110092,x264_crf12,36362,446464,0.08144441657110092,x264_crf12,36362,446464
x264_crf23_bf2,alley_1,libx264,bframes,False,dgt1_scaled,True,263242,261911,1005.73824,41.65745007670352,22.697544642857142,23.68720456932773,28.97389439174107,1,17,32,50,1,1,1,0,,0,16,38303,0.07111438121945605,0.439260042606242,3.3656117146906,0.022020326455189407,0.01869579630160545,92.65196283184629,0.00010042979386784808,0.9318181818181818,9.358230792231299e-05,44,41,438117,2.0,0.010405896141898168,0.0005888837913160184,0.013980802845840105,326090,727,469,258,4559,0.0014382532429697322,0.6451169188445667,4427,0.010104606760294624,128,0.0002921594003428308,1,2.2824953151783655e-06,3,6.847485945535097e-06,0.08356328841743119,x264_crf12,37308,446464,0.08356328841743119,x264_crf12,37308,446464
x264_crf23_bf2,alley_1,libx264,bframes,False,d1,True,263242,261911,1005.73824,41.65745007670352,22.697544642857142,23.68720456932773,28.97389439174107,1,17,32,50,1,1,1,0,,0,1,2203,0.2122630656669295,1.0046768582503713,8.914574199548293,0.04962121212121212,0.01017775229357798,99.82621288921072,0.021868211440984792,0.6771523178807947,0.014808110065170167,604,409,27620,0.5,0.011042722664735698,0.00021723388848660392,0.43323863636363635,704,8,2,6,305,0.002840909090909091,0.25,112,0.004055032585083273,193,0.006987690079652426,0,0.0,0,0.0,0.03304185779816514,x264_crf12,922,27904,0.03304185779816514,x264_crf12,922,27904
x264_crf23_bf2,alley_1,libx264,bframes,False,d1,True,263242,261911,1005.73824,41.65745007670352,22.697544642857142,23.68720456932773,28.97389439174107,1,17,32,50,1,1,1,0,,0,1,2203,0.2122630656669295,1.0046768582503713,8.914574199548293,0.04962121212121212,0.01017775229357798,99.82621288921072,0.021868211440984792,0.6771523178807947,0.014808110065170167,604,409,27620,1.0,0.012889210716871833,0.00021723388848660392,0.039163916391639166,9090,8,2,6,356,0.00022002200220022002,0.25,132,0.004779145546705286,224,0.008110065170166545,0,0.0,0,0.0,0.24906823394495411,x264_crf12,6950,27904,0.24906823394495411,x264_crf12,6950,27904
x264_crf23_bf2,alley_1,libx264,bframes,False,d1,True,263242,261911,1005.73824,41.65745007670352,22.697544642857142,23.68720456932773,28.97389439174107,1,17,32,50,1,1,1,0,,0,1,2203,0.2122630656669295,1.0046768582503713,8.914574199548293,0.04962121212121212,0.01017775229357798,99.82621288921072,0.021868211440984792,0.6771523178807947,0.014808110065170167,604,409,27620,2.0,0.01882693700217234,0.00010861694424330196,0.023715054499019474,21927,8,5,3,520,0.00022802937018287956,0.625,257,0.009304851556842868,263,0.00952208544532947,0,0.0,0,0.0,0.07246272935779817,x264_crf12,2022,27904,0.07246272935779817,x264_crf12,2022,27904
x264_crf23_bf2,ambush_5,libx264,bframes,False,B_naive,True,392937,391606,1503.76704,42.820510868264634,23.547991071428573,24.291130514705884,25.8807373046875,1,17,32,50,1,1,1,0,,0,32,77606,7.485669256422193,17.126325868138565,67.95593550180706,0.10096071233304695,0.13287745484518354,89.5819072736149,0.0881672990837916,0.8721618375179445,0.07689615357791388,68266,59539,774278,0.5,0.044902476888146116,0.002599841400633881,0.4496624330686257,77318,4726,2713,2013,34767,0.035088853824465194,0.5740584003385527,19668,0.02540172909471792,6389,0.008251558225856864,6650,0.008588646455149184,2060,0.002660543112422153,0.09346330275229357,x264_crf12,83456,892928,0.09346330275229357,x264_crf12,83456,892928
x264_crf23_bf2,ambush_5,libx264,bframes,False,B_naive,True,392937,391606,1503.76704,42.820510868264634,23.547991071428573,24.291130514705884,25.8807373046875,1,17,32,50,1,1,1,0,,0,32,77606,7.485669256422193,17.126325868138565,67.95593550180706,0.10096071233304695,0.13287745484518354,89.5819072736149,0.0881672990837916,0.8721618375179445,0.07689615357791388,68266,59539,774278,1.0,0.04736025045267979,0.002182678572812349,0.43193516849829794,84897,4726,3036,1690,36670,0.03576098095339058,0.6424037240795599,20760,0.026812075249458205,6970,0.009001934705622529,6857,0.008855992292174129,2083,0.002690248205424925,0.09996774655963303,x264_crf12,89264,892928,0.09996774655963303,x264_crf12,89264,892928
x264_crf23_bf2,ambush_5,libx264,bframes,False,B_naive,True,392937,391606,1503.76704,42.820510868264634,23.547991071428573,24.291130514705884,25.8807373046875,1,17,32,50,1,1,1,0,,0,32,77606,7.485669256422193,17.126325868138565,67.95593550180706,0.10096071233304695,0.13287745484518354,89.5819072736149,0.0881672990837916,0.8721618375179445,0.07689615357791388,68266,59539,774278,2.0,0.05951996569707521,0.0012269494935927406,0.4020185983216149,114634,4726,3776,950,46085,0.032939616518659384,0.7989843419382141,27643,0.035701647211983295,8113,0.010478148675282005,8157,0.01053497580972209,2172,0.002805194000087824,0.11852691370412843,x264_crf12,105836,892928,0.11852691370412843,x264_crf12,105836,892928
x264_crf23_bf2,ambush_5,libx264,bframes,False,B_scaled,True,392937,391606,1503.76704,42.820510868264634,23.547991071428573,24.291130514705884,25.8807373046875,1,17,32,50,1,1,1,0,,0,32,77606,2.3969711611970297,7.650361147473795,45.24343202668891,0.10096071233304695,0.13287745484518354,89.5819072736149,0.0881672990837916,0.8721618375179445,0.07689615357791388,68266,59539,774278,0.5,0.0457200127086137,0.0025055600184946494,0.45164582801735137,78380,4726,2786,1940,35400,0.035544781832100025,0.5895048666948793,20035,0.025875719056979534,6567,0.008481449815182661,6722,0.008681636311505687,2076,0.0026812075249458204,0.09447122276376146,x264_crf12,84356,892928,0.09447122276376146,x264_crf12,84356,892928
x264_crf23_bf2,ambush_5,libx264,bframes,False,B_scaled,True,392937,391606,1503.76704,42.820510868264634,23.547991071428573,24.291130514705884,25.8807373046875,1,17,32,50,1,1,1,0,,0,32,77606,2.3969711611970297,7.650361147473795,45.24343202668891,0.10096071233304695,0.13287745484518354,89.5819072736149,0.0881672990837916,0.8721618375179445,0.07689615357791388,68266,59539,774278,1.0,0.049758613831207915,0.0016118241768460423,0.42532732772515514,90582,4726,3478,1248,38527,0.03839614934534455,0.735928903935675,22070,0.028503974024833456,7239,0.009349355141176683,7114,0.009187914418335533,2104,0.0027173702468622383,0.10433092029816514,x264_crf12,93160,892928,0.10433092029816514,x264_crf12,93160,892928
x264_crf23_bf2,ambush_5,libx264,bframes,False,B_scaled,True,392937,391606,1503.76704,42.820510868264634,23.547991071428573,24.291130514705884,25.8807373046875,1,17,32,50,1,1,1,0,,0,32,77606,2.3969711611970297,7.650361147473795,45.24343202668891,0.10096071233304695,0.13287745484518354,89.5819072736149,0.0881672990837916,0.8721618375179445,0.07689615357791388,68266,59539,774278,2.0,0.0675648797976954,0.0009169833057377325,0.40489458530695643,129204,4726,4016,710,52314,0.031082629020773352,0.8497672450275074,31808,0.04108085209705041,9304,0.012016355882512483,8753,0.011304725176228693,2449,0.0031629466419038125,0.1236404278956422,x264_crf12,110402,892928,0.1236404278956422,x264_crf12,110402,892928
x264_crf23_bf2,ambush_5,libx264,bframes,False,dgt1_naive,True,392937,391606,1503.76704,42.820510868264634,23.547991071428573,24.291130514705884,25.8807373046875,1,17,32,50,1,1,1,0,,0,16,19053,10.530514983774099,16.44461875847282,92.18473184087614,0.03952355170546833,0.13409815797018354,51.085893728304114,0.007858373383963538,0.8749177090190915,0.006875430037713984,3038,2658,386594,0.5,0.00434305757461316,0.00519925296305685,0.4603783931998903,3647,2273,263,2010,1679,0.07211406635590896,0.11570611526616806,1131,0.0029255498016006456,246,0.0006363264820457638,184,0.00047595151502609974,118,0.00030522977594065094,0.01946853497706422,x264_crf12,8692,446464,0.01946853497706422,x264_crf12,8692,446464
x264_crf23_bf2,ambush_5,libx264,bframes,False,dgt1_naive,True,392937,391606,1503.76704,42.820510868264634,23.547991071428573,24.291130514705884,25.8807373046875,1,17,32,50,1,1,1,0,,0,16,19053,10.530514983774099,16.44461875847282,92.18473184087614,0.03952355170546833,0.13409815797018354,51.085893728304114,0.007858373383963538,0.8749177090190915,0.006875430037713984,3038,2658,386594,1.0,0.005496722659948163,0.004865569563935291,0.3937372614415416,5397,2273,392,1881,2125,0.07263294422827497,0.172459304883414,1435,0.0037119044786002886,362,0.0009363828719535223,185,0.00047853820804254595,143,0.00036989710135180574,0.030027057052752295,x264_crf12,13406,446464,0.030027057052752295,x264_crf12,13406,446464
x264_crf23_bf2,ambush_5,libx264,bframes,False,dgt1_naive,True,392937,391606,1503.76704,42.820510868264634,23.547991071428573,24.291130514705884,25.8807373046875,1,17,32,50,1,1,1,0,,0,16,19053,10.530514983774099,16.44461875847282,92.18473184087614,0.03952355170546833,0.13409815797018354,51.085893728304114,0.007858373383963538,0.8749177090190915,0.006875430037713984,3038,2658,386594,2.0,0.0093120948592063,0.004542232936879517,0.38851715950787824,9266,2273,517,1756,3600,0.05579538096265919,0.22745270567531897,2404,0.006218410011536651,686,0.0017744714092820892,263,0.000680300263325349,247,0.0006389131750622099,0.06439936926605505,x264_crf12,28752,446464,0.06439936926605505,x264_crf12,28752,446464
x264_crf23_bf2,ambush_5,libx264,bframes,False,dgt1_scaled,True,392937,391606,1503.76704,42.820510868264634,23.547991071428573,24.291130514705884,25.8807373046875,1,17,32,50,1,1,1,0,,0,16,19053,2.299968507419314,5.6217597809162685,45.45820583024642,0.03952355170546833,0.13409815797018354,51.085893728304114,0.007858373383963538,0.8749177090190915,0.006875430037713984,3038,2658,386594,0.5,0.008111869299575265,0.004736234913112982,0.40621761658031086,7720,2273,442,1831,3136,0.057253886010362694,0.194456665200176,2127,0.005501896045981055,553,0.0014304412380947455,209,0.0005406188404372546,247,0.0006389131750622099,0.0255653311353211,x264_crf12,11414,446464,0.0255653311353211,x264_crf12,11414,446464
x264_crf23_bf2,ambush_5,libx264,bframes,False,dgt1_scaled,True,392937,391606,1503.76704,42.820510868264634,23.547991071428573,24.291130514705884,25.8807373046875,1,17,32,50,1,1,1,0,,0,16,19053,2.299968507419314,5.6217597809162685,45.45820583024642,0.03952355170546833,0.13409815797018354,51.085893728304114,0.007858373383963538,0.8749177090190915,0.006875430037713984,3038,2658,386594,1.0,0.012910184845082955,0.004205962844741512,0.37382967567972436,13351,2273,647,1626,4991,0.04846078945397349,0.2846458424989001,3296,0.008525740182206656,1047,0.0027082675882191655,376,0.000972596574183769,272,0.0007035805004733648,0.04008385894495413,x264_crf12,17896,446464,0.04008385894495413,x264_crf12,17896,446464
x264_crf23_bf2,ambush_5,libx264,bframes,False,dgt1_scaled,True,392937,391606,1503.76704,42.820510868264634,23.547991071428573,24.291130514705884,25.8807373046875,1,17,32,50,1,1,1,0,,0,16,19053,2.299968507419314,5.6217597809162685,45.45820583024642,0.03952355170546833,0.13409815797018354,51.085893728304114,0.007858373383963538,0.8749177090190915,0.006875430037713984,3038,2658,386594,2.0,0.036149034904835564,0.0028298421599921362,0.39943407551376225,34987,2273,1179,1094,13975,0.03369823077142939,0.5186977562692477,10155,0.026267867582011103,2545,0.006583133726855564,666,0.0017227375489531653,609,0.0015752960470157324,0.07294205131880734,x264_crf12,32566,446464,0.07294205131880734,x264_crf12,32566,446464
x264_crf23_bf2,ambush_5,libx264,bframes,False,d1,True,392937,391606,1503.76704,42.820510868264634,23.547991071428573,24.291130514705884,25.8807373046875,1,17,32,50,1,1,1,0,,0,1,1535,53.86131760859437,49.54226294246875,90.69343065693431,0.3397590361445783,0.2498924885321101,55.348526109598204,0.15565429267593522,1.0,0.15565429267593522,3258,3258,20931,0.5,0.1579475419234628,0.0,1.0,3306,0,0,0,3306,0.0,,0,0.0,0,0.0,36,0.001719936935645693,3270,0.15622760498781713,0.1586869266055046,x264_crf12,4428,27904,0.1586869266055046,x264_crf12,4428,27904
x264_crf23_bf2,ambush_5,libx264,bframes,False,d1,True,392937,391606,1503.76704,42.820510868264634,23.547991071428573,24.291130514705884,25.8807373046875,1,17,32,50,1,1,1,0,,0,1,1535,53.86131760859437,49.54226294246875,90.69343065693431,0.3397590361445783,0.2498924885321101,55.348526109598204,0.15565429267593522,1.0,0.15565429267593522,3258,3258,20931,1.0,0.16864937174525824,0.0,1.0,3530,0,0,0,3530,0.0,,0,0.0,0,0.0,36,0.001719936935645693,3494,0.16692943480961253,0.16384747706422018,x264_crf12,4572,27904,0.16384747706422018,x264_crf12,4572,27904
x264_crf23_bf2,ambush_5,libx264,bframes,False,d1,True,392937,391606,1503.76704,42.820510868264634,23.547991071428573,24.291130514705884,25.8807373046875,1,17,32,50,1,1,1,0,,0,1,1535,53.86131760859437,49.54226294246875,90.69343065693431,0.3397590361445783,0.2498924885321101,55.348526109598204,0.15565429267593522,1.0,0.15565429267593522,3258,3258,20931,2.0,0.17591132769576226,0.0,1.0,3682,0,0,0,3682,0.0,,0,0.0,0,0.0,36,0.001719936935645693,3646,0.17419139076011658,0.17101490825688073,x264_crf12,4772,27904,0.17101490825688073,x264_crf12,4772,27904
x264_crf23_bf2,ambush_7,libx264,bframes,False,B_naive,True,222325,220994,848.61696,43.97129686830678,21.822544642857142,22.862460609243698,25.155116489955358,1,17,32,50,1,1,1,0,,0,32,96868,0.27116237482378364,5.500548903772098,20.610061513958936,0.0482326061644588,0.02496281895068808,97.22307089743384,0.4825380927549682,0.019418446333869695,0.009370140058210186,420116,8158,870638,0.5,0.007450857876637592,0.24456777673384344,0.01351038948326457,480149,681651,468721,212930,6487,0.9761990548767153,0.6876260725796632,4281,0.004917083793723683,1191,0.0013679623448551522,507,0.0005823315775327978,508,0.0005834801605259591,0.3429660622133027,x264_crf12,306244,892928,0.3429660622133027,x264_crf12,306244,892928
x264_crf23_bf2,ambush_7,libx264,bframes,False,B_naive,True,222325,220994,848.61696,43.97129686830678,21.822544642857142,22.862460609243698,25.155116489955358,1,17,32,50,1,1,1,0,,0,32,96868,0.27116237482378364,5.500548903772098,20.610061513958936,0.0482326061644588,0.02496281895068808,97.22307089743384,0.4825380927549682,0.019418446333869695,0.009370140058210186,420116,8158,870638,1.0,0.00820547690314459,0.1946549541830244,0.013595059801897295,525485,681651,512177,169474,7144,0.9746748242100155,0.7513771710156664,4781,0.0054913752903043515,1344,0.0015436955428088368,508,0.0005834801605259591,511,0.0005869259095054431,0.31410819237385323,x264_crf12,280476,892928,0.31410819237385323,x264_crf12,280476,892928
x264_crf23_bf2,ambush_7,libx264,bframes,False,B_naive,True,222325,220994,848.61696,43.97129686830678,21.822544642857142,22.862460609243698,25.155116489955358,1,17,32,50,1,1,1,0,,0,32,96868,0.27116237482378364,5.500548903772098,20.610061513958936,0.0482326061644588,0.02496281895068808,97.22307089743384,0.4825380927549682,0.019418446333869695,0.009370140058210186,420116,8158,870638,2.0,0.01281014612272839,0.1469990972137674,0.01940526254434606,574741,681651,553668,127983,11153,0.9633347890615077,0.8122455626119525,8307,0.009541278924191226,1805,0.002073192302656213,527,0.0006053032373960246,514,0.0005903716584849272,0.2551739893922018,x264_crf12,227852,892928,0.2551739893922018,x264_crf12,227852,892928
x264_crf23_bf2,ambush_7,libx264,bframes,False,B_scaled,True,222325,220994,848.61696,43.97129686830678,21.822544642857142,22.862460609243698,25.155116489955358,1,17,32,50,1,1,1,0,,0,32,96868,0.2544797362880106,2.397557246649922,14.026163629438987,0.0482326061644588,0.02496281895068808,97.22307089743384,0.4825380927549682,0.019418446333869695,0.009370140058210186,420116,8158,870638,0.5,0.007576053422892178,0.21751060716394185,0.013087223687160593,504003,681651,492278,189373,6596,0.976736249585816,0.7221848130494931,4387,0.005038833590998785,1194,0.0013714080938346362,507,0.0005823315775327978,508,0.0005834801605259591,0.34506253583715596,x264_crf12,308116,892928,0.34506253583715596,x264_crf12,308116,892928
x264_crf23_bf2,ambush_7,libx264,bframes,False,B_scaled,True,222325,220994,848.61696,43.97129686830678,21.822544642857142,22.862460609243698,25.155116489955358,1,17,32,50,1,1,1,0,,0,32,96868,0.2544797362880106,2.397557246649922,14.026163629438987,0.0482326061644588,0.02496281895068808,97.22307089743384,0.4825380927549682,0.019418446333869695,0.009370140058210186,420116,8158,870638,1.0,0.008648829938504866,0.17538517730675665,0.013857424948149675,543391,681651,528954,152697,7530,0.9734316541863962,0.7759894726186861,5150,0.005915202414780885,1360,0.0015620728706994182,508,0.0005834801605259591,512,0.0005880744924986045,0.3174500071674312,x264_crf12,283460,892928,0.3174500071674312,x264_crf12,283460,892928
x264_crf23_bf2,ambush_7,libx264,bframes,False,B_scaled,True,222325,220994,848.61696,43.97129686830678,21.822544642857142,22.862460609243698,25.155116489955358,1,17,32,50,1,1,1,0,,0,32,96868,0.2544797362880106,2.397557246649922,14.026163629438987,0.0482326061644588,0.02496281895068808,97.22307089743384,0.4825380927549682,0.019418446333869695,0.009370140058210186,420116,8158,870638,2.0,0.013786441666915526,0.13421881424886117,0.020431577280998446,587473,681651,564795,116856,12003,0.9613973748580786,0.828569165159297,9135,0.010492305642528812,1810,0.00207893521762202,527,0.0006053032373960246,531,0.0006098975693686699,0.2562961403383027,x264_crf12,228854,892928,0.2562961403383027,x264_crf12,228854,892928
x264_crf23_bf2,ambush_7,libx264,bframes,False,dgt1_naive,True,222325,220994,848.61696,43.97129686830678,21.822544642857142,22.862460609243698,25.155116489955358,1,17,32,50,1,1,1,0,,0,16,26759,2.173460409321478,8.152067940106653,44.74088415617941,0.03532473353919713,0.023085847907110102,71.41671462340396,0.043773228447554435,0.005133040016760947,0.0002246897332841156,19092,98,436157,0.5,0.000201762209479614,0.6928583056101358,0.0018842472646296812,46703,348792,46597,302195,88,0.9977303385221507,0.13359538062799606,24,5.5026057130803816e-05,64,0.00014673615234881018,0,0.0,0,0.0,0.22605182052752293,x264_crf12,100924,446464,0.22605182052752293,x264_crf12,100924,446464
x264_crf23_bf2,ambush_7,libx264,bframes,False,dgt1_naive,True,222325,220994,848.61696,43.97129686830678,21.822544642857142,22.862460609243698,25.155116489955358,1,17,32,50,1,1,1,0,,0,16,26759,2.173460409321478,8.152067940106653,44.74088415617941,0.03532473353919713,0.023085847907110102,71.41671462340396,0.043773228447554435,0.005133040016760947,0.0002246897332841156,19092,98,436157,1.0,0.0004539649713291315,0.5624144516768045,0.0019084889201615469,103747,348792,103491,245301,198,0.9975324587698922,0.2967126539599532,126,0.00028888679993672,67,0.00015361440949016066,1,2.292752380450159e-06,4,9.171009521800636e-06,0.17996075831422018,x264_crf12,80346,446464,0.17996075831422018,x264_crf12,80346,446464
x264_crf23_bf2,ambush_7,libx264,bframes,False,dgt1_naive,True,222325,220994,848.61696,43.97129686830678,21.822544642857142,22.862460609243698,25.155116489955358,1,17,32,50,1,1,1,0,,0,16,26759,2.173460409321478,8.152067940106653,44.74088415617941,0.03532473353919713,0.023085847907110102,71.41671462340396,0.043773228447554435,0.005133040016760947,0.0002246897332841156,19092,98,436157,2.0,0.0009491994855063659,0.46617846325978946,0.002833559196747567,146106,348792,145465,203327,414,0.9956127742871613,0.4170537168283676,324,0.0007428517712658515,81,0.00018571294281646288,1,2.292752380450159e-06,8,1.8342019043601272e-05,0.19685797735091742,x264_crf12,87890,446464,0.19685797735091742,x264_crf12,87890,446464
x264_crf23_bf2,ambush_7,libx264,bframes,False,dgt1_scaled,True,222325,220994,848.61696,43.97129686830678,21.822544642857142,22.862460609243698,25.155116489955358,1,17,32,50,1,1,1,0,,0,16,26759,0.6731358185249814,2.2266996643320813,16.970635688931914,0.03532473353919713,0.023085847907110102,71.41671462340396,0.043773228447554435,0.005133040016760947,0.0002246897332841156,19092,98,436157,0.5,0.0007428517712658515,0.4860818466744773,0.00236105139659105,137227,348792,136784,212008,324,0.9967717723188585,0.3921649579118787,234,0.0005365040570253372,81,0.00018571294281646288,1,2.292752380450159e-06,8,1.8342019043601272e-05,0.17405210722477063,x264_crf12,77708,446464,0.17405210722477063,x264_crf12,77708,446464
x264_crf23_bf2,ambush_7,libx264,bframes,False,dgt1_scaled,True,222325,220994,848.61696,43.97129686830678,21.822544642857142,22.862460609243698,25.155116489955358,1,17,32,50,1,1,1,0,,0,16,26759,0.6731358185249814,2.2266996643320813,16.970635688931914,0.03532473353919713,0.023085847907110102,71.41671462340396,0.043773228447554435,0.005133040016760947,0.0002246897332841156,19092,98,436157,1.0,0.0016416107044023138,0.412748161785779,0.004213202151322216,169942,348792,168769,180023,716,0.9930976450789093,0.48386717585265715,610,0.001398578952074597,97,0.00022239698090366543,1,2.292752380450159e-06,8,1.8342019043601272e-05,0.1736892560206422,x264_crf12,77546,446464,0.1736892560206422,x264_crf12,77546,446464
x264_crf23_bf2,ambush_7,libx264,bframes,False,dgt1_scaled,True,222325,220994,848.61696,43.97129686830678,21.822544642857142,22.862460609243698,25.155116489955358,1,17,32,50,1,1,1,0,,0,16,26759,0.6731358185249814,2.2266996643320813,16.970635688931914,0.03532473353919713,0.023085847907110102,71.41671462340396,0.043773228447554435,0.005133040016760947,0.0002246897332841156,19092,98,436157,2.0,0.004564869989476267,0.33412509715538213,0.00964230020437221,206486,348792,203061,145731,1991,0.9834129190356731,0.5821836510011698,1837,0.004211786122886942,139,0.0003186925808825721,2,4.585504760900318e-06,13,2.9805780945852067e-05,0.17024440940366972,x264_crf12,76008,446464,0.17024440940366972,x264_crf12,76008,446464
x264_crf23_bf2,ambush_7,libx264,bframes,False,d1,True,222325,220994,848.61696,43.97129686830678,21.822544642857142,22.862460609243698,25.155116489955358,1,17,32,50,1,1,1,0,,0,1,2816,1.9181946575447744,6.517306835907775,42.25468010697387,0.032829287703939516,0.0,96.10091743119266,0.32661983944954126,0.0,0.0,9114,0,27904,0.5,0.0,0.6399799311926605,0.0,10046,27904,10046,17858,0,1.0,0.36002006880733944,0,0.0,0,0.0,0,0.0,0,0.0,0.3983658256880734,x264_crf12,11116,27904,0.3983658256880734,x264_crf12,11116,27904
x264_crf23_bf2,ambush_7,libx264,bframes,False,d1,True,222325,220994,848.61696,43.97129686830678,21.822544642857142,22.862460609243698,25.155116489955358,1,17,32,50,1,1,1,0,,0,1,2816,1.9181946575447744,6.517306835907775,42.25468010697387,0.032829287703939516,0.0,96.10091743119266,0.32661983944954126,0.0,0.0,9114,0,27904,1.0,0.0,0.5824971330275229,0.0,11650,27904,11650,16254,0,1.0,0.41750286697247707,0,0.0,0,0.0,0,0.0,0,0.0,0.4440223623853211,x264_crf12,12390,27904,0.4440223623853211,x264_crf12,12390,27904
x264_crf23_bf2,ambush_7,libx264,bframes,False,d1,True,222325,220994,848.61696,43.97129686830678,21.822544642857142,22.862460609243698,25.155116489955358,1,17,32,50,1,1,1,0,,0,1,2816,1.9181946575447744,6.517306835907775,42.25468010697387,0.032829287703939516,0.0,96.10091743119266,0.32661983944954126,0.0,0.0,9114,0,27904,2.0,0.0,0.48372993119266056,0.0,14406,27904,14406,13498,0,1.0,0.5162700688073395,0,0.0,0,0.0,0,0.0,0,0.0,0.4800745412844037,x264_crf12,13396,27904,0.4800745412844037,x264_crf12,13396,27904
x264_crf23_bf2,bandage_2,libx264,bframes,False,B_naive,True,385941,384610,1476.9024,40.07576950222942,21.617745535714285,24.075761554621845,29.45029994419643,1,17,32,50,1,1,1,0,,0,32,115187,0.12095204940154676,2.602123216967383,21.44263179182958,0.030477793928492997,0.02143061926605505,99.16616311433384,0.5449077125906394,0.07036434968160357,0.03834207683293049,476136,33503,873792,0.5,0.029588277301691935,0.0398241229033912,0.052966700674836824,488118,479533,444735,34798,25854,0.9111219008518432,0.9274335655731722,22996,0.026317476012597964,2578,0.0029503588954808467,276,0.0003158646451329378,4,4.577748480187504e-06,0.09683871487958716,x264_crf12,86470,892928,0.09683871487958716,x264_crf12,86470,892928
x264_crf23_bf2,bandage_2,libx264,bframes,False,B_naive,True,385941,384610,1476.9024,40.07576950222942,21.617745535714285,24.075761554621845,29.45029994419643,1,17,32,50,1,1,1,0,,0,32,115187,0.12095204940154676,2.602123216967383,21.44263179182958,0.030477793928492997,0.02143061926605505,99.16616311433384,0.5449077125906394,0.07036434968160357,0.03834207683293049,476136,33503,873792,1.0,0.03155670914817256,0.029028647549989014,0.05300877776453445,520178,479533,454168,25365,27574,0.873101130766776,0.9471047873660415,24681,0.02824585255987695,2604,0.0029801142606020654,285,0.0003261645792133597,4,4.577748480187504e-06,0.10273840668004587,x264_crf12,91738,892928,0.10273840668004587,x264_crf12,91738,892928
x264_crf23_bf2,bandage_2,libx264,bframes,False,B_naive,True,385941,384610,1476.9024,40.07576950222942,21.617745535714285,24.075761554621845,29.45029994419643,1,17,32,50,1,1,1,0,,0,32,115187,0.12095204940154676,2.602123216967383,21.44263179182958,0.030477793928492997,0.02143061926605505,99.16616311433384,0.5449077125906394,0.07036434968160357,0.03834207683293049,476136,33503,873792,2.0,0.03913631619424302,0.018246905442027395,0.057426657038741204,595490,479533,463589,15944,34197,0.7785000587751264,0.9667509848123069,31054,0.03553935032593569,2762,0.003160935325569472,377,0.0004314527942576723,4,4.577748480187504e-06,0.10305198179472477,x264_crf12,92018,892928,0.10305198179472477,x264_crf12,92018,892928
x264_crf23_bf2,bandage_2,libx264,bframes,False,B_scaled,True,385941,384610,1476.9024,40.07576950222942,21.617745535714285,24.075761554621845,29.45029994419643,1,17,32,50,1,1,1,0,,0,32,115187,0.10285883404054229,0.7757064624344703,6.961844411487124,0.030477793928492997,0.02143061926605505,99.16616311433384,0.5449077125906394,0.07036434968160357,0.03834207683293049,476136,33503,873792,0.5,0.030596526404453234,0.03709692924631949,0.05420480027249393,493222,479533,447118,32415,26735,0.9065248508785091,0.9324029837362601,23859,0.027305125247198418,2593,0.00296752545228155,279,0.00031929795649307844,4,4.577748480187504e-06,0.09916813001720183,x264_crf12,88550,892928,0.09916813001720183,x264_crf12,88550,892928
x264_crf23_bf2,bandage_2,libx264,bframes,False,B_scaled,True,385941,384610,1476.9024,40.07576950222942,21.617745535714285,24.075761554621845,29.45029994419643,1,17,32,50,1,1,1,0,,0,32,115187,0.10285883404054229,0.7757064624344703,6.961844411487124,0.030477793928492997,0.02143061926605505,99.16616311433384,0.5449077125906394,0.07036434968160357,0.03834207683293049,476136,33503,873792,1.0,0.03238299274884641,0.025343560023438072,0.05297547057479958,534134,479533,457388,22145,28296,0.8563169541725485,0.9538196537047502,25351,0.02901262543030836,2626,0.003005291877243097,315,0.000360497692814766,4,4.577748480187504e-06,0.1005859375,x264_crf12,89816,892928,0.1005859375,x264_crf12,89816,892928
x264_crf23_bf2,bandage_2,libx264,bframes,False,B_scaled,True,385941,384610,1476.9024,40.07576950222942,21.617745535714285,24.075761554621845,29.45029994419643,1,17,32,50,1,1,1,0,,0,32,115187,0.10285883404054229,0.7757064624344703,6.961844411487124,0.030477793928492997,0.02143061926605505,99.16616311433384,0.5449077125906394,0.07036434968160357,0.03834207683293049,476136,33503,873792,2.0,0.04248036145902,0.015573500329597891,0.059097559771818686,628097,479533,465925,13608,37119,0.7418042117698381,0.9716223909511963,33817,0.03870143008862521,2910,0.0033303120193364094,384,0.00043946385409800046,8,9.155496960375008e-06,0.07862448036123854,x264_crf12,70206,892928,0.07862448036123854,x264_crf12,70206,892928
x264_crf23_bf2,bandage_2,libx264,bframes,False,dgt1_naive,True,385941,384610,1476.9024,40.07576950222942,21.617745535714285,24.075761554621845,29.45029994419643,1,17,32,50,1,1,1,0,,0,16,39771,0.6811697989187385,3.5931419663728756,32.213420648559605,0.014263662242893228,0.020872903526376163,89.64645598142492,0.36576193253954636,0.004440525107729641,0.0016241750448935707,159891,710,437145,0.5,0.0010843084102528909,0.1433277287856432,0.002658485560609545,178297,238981,176326,62655,474,0.9889454113080983,0.7378243458685,442,0.001011106154708392,32,7.320225554449897e-05,0,0.0,0,0.0,0.10642739392201835,x264_crf12,47516,446464,0.10642739392201835,x264_crf12,47516,446464
x264_crf23_bf2,bandage_2,libx264,bframes,False,dgt1_naive,True,385941,384610,1476.9024,40.07576950222942,21.617745535714285,24.075761554621845,29.45029994419643,1,17,32,50,1,1,1,0,,0,16,39771,0.6811697989187385,3.5931419663728756,32.213420648559605,0.014263662242893228,0.020872903526376163,89.64645598142492,0.36576193253954636,0.004440525107729641,0.0016241750448935707,159891,710,437145,1.0,0.0014869208157476353,0.08918551052854316,0.0032033748786413747,202911,238981,199994,38987,650,0.9856242391984663,0.8368615078186132,618,0.0014137185602031363,32,7.320225554449897e-05,0,0.0,0,0.0,0.10829988532110092,x264_crf12,48352,446464,0.10829988532110092,x264_crf12,48352,446464
x264_crf23_bf2,bandage_2,libx264,bframes,False,dgt1_naive,True,385941,384610,1476.9024,40.07576950222942,21.617745535714285,24.075761554621845,29.45029994419643,1,17,32,50,1,1,1,0,,0,16,39771,0.6811697989187385,3.5931419663728756,32.213420648559605,0.014263662242893228,0.020872903526376163,89.64645598142492,0.36576193253954636,0.004440525107729641,0.0016241750448935707,159891,710,437145,2.0,0.0031088082901554403,0.05396378775921033,0.0060634453219113905,224130,238981,215391,23590,1359,0.9610092357114175,0.9012892238295095,1311,0.002999004906838692,38,8.692767845909253e-05,10,2.2875704857655926e-05,0,0.0,0.17513170154816513,x264_crf12,78190,446464,0.17513170154816513,x264_crf12,78190,446464
x264_crf23_bf2,bandage_2,libx264,bframes,False,dgt1_scaled,True,385941,384610,1476.9024,40.07576950222942,21.617745535714285,24.075761554621845,29.45029994419643,1,17,32,50,1,1,1,0,,0,16,39771,0.11654603507447518,0.6638019457261382,4.795558312402762,0.014263662242893228,0.020872903526376163,89.64645598142492,0.36576193253954636,0.004440525107729641,0.0016241750448935707,159891,710,437145,0.5,0.002207505518763797,0.06118564778277231,0.004430182165417952,217824,238981,212234,26747,965,0.974337079477009,0.8880789686209364,919,0.0021022772764185795,36,8.235253748756134e-05,10,2.2875704857655926e-05,0,0.0,0.058983479071100915,x264_crf12,26334,446464,0.058983479071100915,x264_crf12,26334,446464
x264_crf23_bf2,bandage_2,libx264,bframes,False,dgt1_scaled,True,385941,384610,1476.9024,40.07576950222942,21.617745535714285,24.075761554621845,29.45029994419643,1,17,32,50,1,1,1,0,,0,16,39771,0.11654603507447518,0.6638019457261382,4.795558312402762,0.014263662242893228,0.020872903526376163,89.64645598142492,0.36576193253954636,0.004440525107729641,0.0016241750448935707,159891,710,437145,1.0,0.0051813471502590676,0.04345697651808896,0.00931374363149649,243189,238981,219984,18997,2265,0.9045803880932115,0.9205083249295969,2190,0.005009779363826648,64,0.00014640451108899794,11,2.5163275343421518e-05,0,0.0,0.06950616399082568,x264_crf12,31032,446464,0.06950616399082568,x264_crf12,31032,446464
x264_crf23_bf2,bandage_2,libx264,bframes,False,dgt1_scaled,True,385941,384610,1476.9024,40.07576950222942,21.617745535714285,24.075761554621845,29.45029994419643,1,17,32,50,1,1,1,0,,0,16,39771,0.11654603507447518,0.6638019457261382,4.795558312402762,0.014263662242893228,0.020872903526376163,89.64645598142492,0.36576193253954636,0.004440525107729641,0.0016241750448935707,159891,710,437145,2.0,0.014661039243271683,0.03240343593086962,0.02199382292381606,291400,238981,224816,14165,6409,0.771503088538092,0.9407275055339127,6234,0.014260714408262704,164,0.0003751615596655572,11,2.5163275343421518e-05,0,0.0,0.06423810206422019,x264_crf12,28680,446464,0.06423810206422019,x264_crf12,28680,446464
x264_crf23_bf2,bandage_2,libx264,bframes,False,d1,True,385941,384610,1476.9024,40.07576950222942,21.617745535714285,24.075761554621845,29.45029994419643,1,17,32,50,1,1,1,0,,0,1,2530,0.15076294579252086,1.620234853127377,13.299707990443324,0.0395206527281999,0.004622993119266061,99.66876687668767,0.518919891989199,0.0412821758135017,0.021422142214221424,14413,595,27775,0.5,0.0054005400540054005,0.1416021602160216,0.009023099133782483,16624,19369,15436,3933,150,0.9285370548604427,0.7969435696215602,150,0.0054005400540054005,0,0.0,0,0.0,0,0.0,0.15452981651376146,x264_crf12,4312,27904,0.15452981651376146,x264_crf12,4312,27904
x264_crf23_bf2,bandage_2,libx264,bframes,False,d1,True,385941,384610,1476.9024,40.07576950222942,21.617745535714285,24.075761554621845,29.45029994419643,1,17,32,50,1,1,1,0,,0,1,2530,0.15076294579252086,1.620234853127377,13.299707990443324,0.0395206527281999,0.004622993119266061,99.66876687668767,0.518919891989199,0.0412821758135017,0.021422142214221424,14413,595,27775,1.0,0.005868586858685868,0.0679027902790279,0.008023232919866116,20316,19369,17483,1886,163,0.8605532585154558,0.9026279105787599,163,0.005868586858685868,0,0.0,0,0.0,0,0.0,0.12320814220183486,x264_crf12,3438,27904,0.12320814220183486,x264_crf12,3438,27904
x264_crf23_bf2,bandage_2,libx264,bframes,False,d1,True,385941,384610,1476.9024,40.07576950222942,21.617745535714285,24.075761554621845,29.45029994419643,1,17,32,50,1,1,1,0,,0,1,2530,0.15076294579252086,1.620234853127377,13.299707990443324,0.0395206527281999,0.004622993119266061,99.66876687668767,0.518919891989199,0.0412821758135017,0.021422142214221424,14413,595,27775,2.0,0.009288928892889289,0.05371737173717372,0.011464628510487025,22504,19369,17877,1492,258,0.7943921080696765,0.9229696938406733,258,0.009288928892889289,0,0.0,0,0.0,0,0.0,0.12994552752293578,x264_crf12,3626,27904,0.12994552752293578,x264_crf12,3626,27904
x264_crf23_bf2_pb1,alley_1,libx264,bframes,False,B_naive,True,263242,261911,1005.73824,41.65745007670352,22.697544642857142,23.72393644957983,28.97389439174107,1,17,32,50,1,1,1,0,,0,32,99517,2.319120904352599,3.627170354259101,37.245924612823245,0.042590277857413164,0.018322865897362428,99.59432650327928,0.02170056595787886,0.9085795394806014,0.01971669022447799,19022,17283,876567,0.5,0.011555306097537325,0.0014716501990150212,0.48198905543659293,21015,1537,247,1290,10129,0.011753509398049013,0.16070266753415746,6913,0.007886447926969645,2930,0.003342585335747296,219,0.0002498382896002245,67,7.643454522016002e-05,0.02890938575114679,x264_crf12,25814,892928,0.02890938575114679,x264_crf12,25814,892928
x264_crf23_bf2_pb1,alley_1,libx264,bframes,False,B_naive,True,263242,261911,1005.73824,41.65745007670352,22.697544642857142,23.72393644957983,28.97389439174107,1,17,32,50,1,1,1,0,,0,32,99517,2.319120904352599,3.627170354259101,37.245924612823245,0.042590277857413164,0.018322865897362428,99.59432650327928,0.02170056595787886,0.9085795394806014,0.01971669022447799,19022,17283,876567,1.0,0.012534124601998478,0.0007997106895422712,0.23343815068202098,47066,1537,836,701,10987,0.017762291250584285,0.5439167208848406,7735,0.008824197123551309,2963,0.003380232201303494,222,0.0002532607319235153,67,7.643454522016002e-05,0.09421588302752294,x264_crf12,84128,892928,0.09421588302752294,x264_crf12,84128,892928
x264_crf23_bf2_pb1,alley_1,libx264,bframes,False,B_naive,True,263242,261911,1005.73824,41.65745007670352,22.697544642857142,23.72393644957983,28.97389439174107,1,17,32,50,1,1,1,0,,0,32,99517,2.319120904352599,3.627170354259101,37.245924612823245,0.042590277857413164,0.018322865897362428,99.59432650327928,0.02170056595787886,0.9085795394806014,0.01971669022447799,19022,17283,876567,2.0,0.021341209513933333,0.000270372943539969,0.04839890612832036,386517,1537,1300,237,18707,0.003363370821981957,0.8458035133376708,15339,0.017498947598985588,3079,0.00351256663780407,222,0.0002532607319235153,67,7.643454522016002e-05,0.3728878476204128,x264_crf12,332962,892928,0.3728878476204128,x264_crf12,332962,892928
x264_crf23_bf2_pb1,alley_1,libx264,bframes,False,B_scaled,True,263242,261911,1005.73824,41.65745007670352,22.697544642857142,23.72393644957983,28.97389439174107,1,17,32,50,1,1,1,0,,0,32,99517,0.18634491074795317,0.6124498037864292,4.407167411275737,0.042590277857413164,0.018322865897362428,99.59432650327928,0.02170056595787886,0.9085795394806014,0.01971669022447799,19022,17283,876567,0.5,0.011853058579663619,0.0014408482181054044,0.4771526980482204,21775,1537,274,1263,10390,0.012583237657864524,0.1782693558880937,7174,0.008184200409095939,2930,0.003342585335747296,219,0.0002498382896002245,67,7.643454522016002e-05,0.029709002293577983,x264_crf12,26528,892928,0.029709002293577983,x264_crf12,26528,892928
x264_crf23_bf2_pb1,alley_1,libx264,bframes,False,B_scaled,True,263242,261911,1005.73824,41.65745007670352,22.697544642857142,23.72393644957983,28.97389439174107,1,17,32,50,1,1,1,0,,0,32,99517,0.18634491074795317,0.6124498037864292,4.407167411275737,0.042590277857413164,0.018322865897362428,99.59432650327928,0.02170056595787886,0.9085795394806014,0.01971669022447799,19022,17283,876567,1.0,0.012682430436007744,0.0006901925351969672,0.14559813500275035,76354,1537,932,605,11117,0.012206302223852057,0.6063760572543917,7847,0.00895196830362083,2981,0.0034007668552432386,222,0.0002532607319235153,67,7.643454522016002e-05,0.1037261682912844,x264_crf12,92620,892928,0.1037261682912844,x264_crf12,92620,892928
x264_crf23_bf2_pb1,alley_1,libx264,bframes,False,B_scaled,True,263242,261911,1005.73824,41.65745007670352,22.697544642857142,23.72393644957983,28.97389439174107,1,17,32,50,1,1,1,0,,0,32,99517,0.18634491074795317,0.6124498037864292,4.407167411275737,0.042590277857413164,0.018322865897362428,99.59432650327928,0.02170056595787886,0.9085795394806014,0.01971669022447799,19022,17283,876567,2.0,0.026042504452027056,0.00010951815434530389,0.03320223869308728,687544,1537,1441,96,22828,0.0020958658645846666,0.937540663630449,19370,0.022097569267380587,3169,0.0036152399075027922,222,0.0002532607319235153,67,7.643454522016002e-05,0.08948761826261468,x264_crf12,79906,892928,0.08948761826261468,x264_crf12,79906,892928
x264_crf23_bf2_pb1,alley_1,libx264,bframes,False,dgt1_naive,True,263242,261911,1005.73824,41.65745007670352,22.697544642857142,23.72393644957983,28.97389439174107,1,17,32,50,1,1,1,0,,0,16,38303,2.748320795066455,4.6116790112849975,37.375019681939854,0.022020326455189407,0.01869579630160545,92.65196283184629,0.00010042979386784808,0.9318181818181818,9.358230792231299e-05,44,41,438117,0.5,0.00011184227044373992,0.001654809103504315,0.16279069767441862,301,727,2,725,49,0.006644518272425249,0.002751031636863824,45,0.00010271228918302646,4,9.129981260713462e-06,0,0.0,0,0.0,0.005088876146788991,x264_crf12,2272,446464,0.005088876146788991,x264_crf12,2272,446464
x264_crf23_bf2_pb1,alley_1,libx264,bframes,False,dgt1_naive,True,263242,261911,1005.73824,41.65745007670352,22.697544642857142,23.72393644957983,28.97389439174107,1,17,32,50,1,1,1,0,,0,16,38303,2.748320795066455,4.6116790112849975,37.375019681939854,0.022020326455189407,0.01869579630160545,92.65196283184629,0.00010042979386784808,0.9318181818181818,9.358230792231299e-05,44,41,438117,1.0,0.0002670519518758688,0.0014950344314418294,0.11770623742454728,994,727,72,655,117,0.07243460764587525,0.09903713892709766,104,0.00023737951277855003,13,2.9672439097318753e-05,0,0.0,0,0.0,0.07179974197247706,x264_crf12,32056,446464,0.07179974197247706,x264_crf12,32056,446464
x264_crf23_bf2_pb1,alley_1,libx264,bframes,False,dgt1_naive,True,263242,261911,1005.73824,41.65745007670352,22.697544642857142,23.72393644957983,28.97389439174107,1,17,32,50,1,1,1,0,,0,16,38303,2.748320795066455,4.6116790112849975,37.375019681939854,0.022020326455189407,0.01869579630160545,92.65196283184629,0.00010042979386784808,0.9318181818181818,9.358230792231299e-05,44,41,438117,2.0,0.000493018988078527,0.001148095143534718,0.08086858854361663,2671,727,224,503,216,0.08386372145263946,0.3081155433287483,202,0.00046106405366602986,14,3.195493441249712e-05,0,0.0,0,0.0,0.7162637973050459,x264_crf12,319786,446464,0.7162637973050459,x264_crf12,319786,446464
x264_crf23_bf2_pb1,alley_1,libx264,bframes,False,dgt1_scaled,True,263242,261911,1005.73824,41.65745007670352,22.697544642857142,23.72393644957983,28.97389439174107,1,17,32,50,1,1,1,0,,0,16,38303,0.07111438121945605,0.439260042606242,3.3656117146906,0.022020326455189407,0.01869579630160545,92.65196283184629,0.00010042979386784808,0.9318181818181818,9.358230792231299e-05,44,41,438117,0.5,0.00036063425979818175,0.0013580847125311275,0.08633879781420765,1830,727,132,595,158,0.07213114754098361,0.1815680880330124,145,0.000330961820700863,13,2.9672439097318753e-05,0,0.0,0,0.0,0.008179830848623853,x264_crf12,3652,446464,0.008179830848623853,x264_crf12,3652,446464
x264_crf23_bf2_pb1,alley_1,libx264,bframes,False,dgt1_scaled,True,263242,261911,1005.73824,41.65745007670352,22.697544642857142,23.72393644957983,28.97389439174107,1,17,32,50,1,1,1,0,,0,16,38303,0.07111438121945605,0.439260042606242,3.3656117146906,0.022020326455189407,0.01869579630160545,92.65196283184629,0.00010042979386784808,0.9318181818181818,9.358230792231299e-05,44,41,438117,1.0,0.0010431003590365131,0.0010042979386784808,0.014549506526583891,31410,727,287,440,457,0.009137217446673035,0.3947730398899587,425,0.0009700605089508053,32,7.30398500857077e-05,0,0.0,0,0.0,0.08144441657110092,x264_crf12,36362,446464,0.08144441657110092,x264_crf12,36362,446464
x264_crf23_bf2_pb1,alley_1,libx264,bframes,False,dgt1_scaled,True,263242,261911,1005.73824,41.65745007670352,22.697544642857142,23.72393644957983,28.97389439174107,1,17,32,50,1,1,1,0,,0,16,38303,0.07111438121945605,0.439260042606242,3.3656117146906,0.022020326455189407,0.01869579630160545,92.65196283184629,0.00010042979386784808,0.9318181818181818,9.358230792231299e-05,44,41,438117,2.0,0.010405896141898168,0.0005888837913160184,0.013980802845840105,326090,727,469,258,4559,0.0014382532429697322,0.6451169188445667,4427,0.010104606760294624,128,0.0002921594003428308,1,2.2824953151783655e-06,3,6.847485945535097e-06,0.08356328841743119,x264_crf12,37308,446464,0.08356328841743119,x264_crf12,37308,446464
x264_crf23_bf2_pb1,alley_1,libx264,bframes,False,d1,True,263242,261911,1005.73824,41.65745007670352,22.697544642857142,23.72393644957983,28.97389439174107,1,17,32,50,1,1,1,0,,0,1,2617,1.3606340542878943,1.8778799836921058,17.920054200542005,0.042801556420233464,0.01017775229357798,100.0,0.10246198406951484,0.5530035335689046,0.05666183924692252,2830,1565,27620,0.5,0.04561911658218682,0.00021723388848660392,0.42886317222600406,2938,8,2,6,1260,0.0006807351940095302,0.25,964,0.03490224475018103,296,0.010716871832005793,0,0.0,0,0.0,0.11389048165137615,x264_crf12,3178,27904,0.11389048165137615,x264_crf12,3178,27904
x264_crf23_bf2_pb1,alley_1,libx264,bframes,False,d1,True,263242,261911,1005.73824,41.65745007670352,22.697544642857142,23.72393644957983,28.97389439174107,1,17,32,50,1,1,1,0,,0,1,2617,1.3606340542878943,1.8778799836921058,17.920054200542005,0.042801556420233464,0.01017775229357798,100.0,0.10246198406951484,0.5530035335689046,0.05666183924692252,2830,1565,27620,1.0,0.054598117306299786,0.00021723388848660392,0.16175050949265257,9323,8,2,6,1508,0.00021452322213879653,0.25,1181,0.042758870383779866,327,0.011839246922519912,0,0.0,0,0.0,0.3214592889908257,x264_crf12,8970,27904,0.3214592889908257,x264_crf12,8970,27904
x264_crf23_bf2_pb1,alley_1,libx264,bframes,False,d1,True,263242,261911,1005.73824,41.65745007670352,22.697544642857142,23.72393644957983,28.97389439174107,1,17,32,50,1,1,1,0,,0,1,2617,1.3606340542878943,1.8778799836921058,17.920054200542005,0.042801556420233464,0.01017775229357798,100.0,0.10246198406951484,0.5530035335689046,0.05666183924692252,2830,1565,27620,2.0,0.0663287472845764,7.24112961622013e-05,0.08498399591779933,21557,8,6,2,1832,0.00027833186435960477,0.75,1466,0.05307748008689356,366,0.013251267197682838,0,0.0,0,0.0,0.1848480504587156,x264_crf12,5158,27904,0.1848480504587156,x264_crf12,5158,27904
x264_crf23_bf2_pb1,ambush_5,libx264,bframes,False,B_naive,True,392937,391606,1503.76704,42.820510868264634,23.547991071428573,24.30478597689076,25.8807373046875,1,17,32,50,1,1,1,0,,0,32,77606,7.485669256422193,17.126325868138565,67.95593550180706,0.10096071233304695,0.13287745484518354,89.5819072736149,0.0881672990837916,0.8721618375179445,0.07689615357791388,68266,59539,774278,0.5,0.044902476888146116,0.002599841400633881,0.4496624330686257,77318,4726,2713,2013,34767,0.035088853824465194,0.5740584003385527,19668,0.02540172909471792,6389,0.008251558225856864,6650,0.008588646455149184,2060,0.002660543112422153,0.09346330275229357,x264_crf12,83456,892928,0.09346330275229357,x264_crf12,83456,892928
x264_crf23_bf2_pb1,ambush_5,libx264,bframes,False,B_naive,True,392937,391606,1503.76704,42.820510868264634,23.547991071428573,24.30478597689076,25.8807373046875,1,17,32,50,1,1,1,0,,0,32,77606,7.485669256422193,17.126325868138565,67.95593550180706,0.10096071233304695,0.13287745484518354,89.5819072736149,0.0881672990837916,0.8721618375179445,0.07689615357791388,68266,59539,774278,1.0,0.04736025045267979,0.002182678572812349,0.43193516849829794,84897,4726,3036,1690,36670,0.03576098095339058,0.6424037240795599,20760,0.026812075249458205,6970,0.009001934705622529,6857,0.008855992292174129,2083,0.002690248205424925,0.09996774655963303,x264_crf12,89264,892928,0.09996774655963303,x264_crf12,89264,892928
x264_crf23_bf2_pb1,ambush_5,libx264,bframes,False,B_naive,True,392937,391606,1503.76704,42.820510868264634,23.547991071428573,24.30478597689076,25.8807373046875,1,17,32,50,1,1,1,0,,0,32,77606,7.485669256422193,17.126325868138565,67.95593550180706,0.10096071233304695,0.13287745484518354,89.5819072736149,0.0881672990837916,0.8721618375179445,0.07689615357791388,68266,59539,774278,2.0,0.05951996569707521,0.0012269494935927406,0.4020185983216149,114634,4726,3776,950,46085,0.032939616518659384,0.7989843419382141,27643,0.035701647211983295,8113,0.010478148675282005,8157,0.01053497580972209,2172,0.002805194000087824,0.11852691370412843,x264_crf12,105836,892928,0.11852691370412843,x264_crf12,105836,892928
x264_crf23_bf2_pb1,ambush_5,libx264,bframes,False,B_scaled,True,392937,391606,1503.76704,42.820510868264634,23.547991071428573,24.30478597689076,25.8807373046875,1,17,32,50,1,1,1,0,,0,32,77606,2.3969711611970297,7.650361147473795,45.24343202668891,0.10096071233304695,0.13287745484518354,89.5819072736149,0.0881672990837916,0.8721618375179445,0.07689615357791388,68266,59539,774278,0.5,0.0457200127086137,0.0025055600184946494,0.45164582801735137,78380,4726,2786,1940,35400,0.035544781832100025,0.5895048666948793,20035,0.025875719056979534,6567,0.008481449815182661,6722,0.008681636311505687,2076,0.0026812075249458204,0.09447122276376146,x264_crf12,84356,892928,0.09447122276376146,x264_crf12,84356,892928
x264_crf23_bf2_pb1,ambush_5,libx264,bframes,False,B_scaled,True,392937,391606,1503.76704,42.820510868264634,23.547991071428573,24.30478597689076,25.8807373046875,1,17,32,50,1,1,1,0,,0,32,77606,2.3969711611970297,7.650361147473795,45.24343202668891,0.10096071233304695,0.13287745484518354,89.5819072736149,0.0881672990837916,0.8721618375179445,0.07689615357791388,68266,59539,774278,1.0,0.049758613831207915,0.0016118241768460423,0.42532732772515514,90582,4726,3478,1248,38527,0.03839614934534455,0.735928903935675,22070,0.028503974024833456,7239,0.009349355141176683,7114,0.009187914418335533,2104,0.0027173702468622383,0.10433092029816514,x264_crf12,93160,892928,0.10433092029816514,x264_crf12,93160,892928
x264_crf23_bf2_pb1,ambush_5,libx264,bframes,False,B_scaled,True,392937,391606,1503.76704,42.820510868264634,23.547991071428573,24.30478597689076,25.8807373046875,1,17,32,50,1,1,1,0,,0,32,77606,2.3969711611970297,7.650361147473795,45.24343202668891,0.10096071233304695,0.13287745484518354,89.5819072736149,0.0881672990837916,0.8721618375179445,0.07689615357791388,68266,59539,774278,2.0,0.0675648797976954,0.0009169833057377325,0.40489458530695643,129204,4726,4016,710,52314,0.031082629020773352,0.8497672450275074,31808,0.04108085209705041,9304,0.012016355882512483,8753,0.011304725176228693,2449,0.0031629466419038125,0.1236404278956422,x264_crf12,110402,892928,0.1236404278956422,x264_crf12,110402,892928
x264_crf23_bf2_pb1,ambush_5,libx264,bframes,False,dgt1_naive,True,392937,391606,1503.76704,42.820510868264634,23.547991071428573,24.30478597689076,25.8807373046875,1,17,32,50,1,1,1,0,,0,16,19053,10.530514983774099,16.44461875847282,92.18473184087614,0.03952355170546833,0.13409815797018354,51.085893728304114,0.007858373383963538,0.8749177090190915,0.006875430037713984,3038,2658,386594,0.5,0.00434305757461316,0.00519925296305685,0.4603783931998903,3647,2273,263,2010,1679,0.07211406635590896,0.11570611526616806,1131,0.0029255498016006456,246,0.0006363264820457638,184,0.00047595151502609974,118,0.00030522977594065094,0.01946853497706422,x264_crf12,8692,446464,0.01946853497706422,x264_crf12,8692,446464
x264_crf23_bf2_pb1,ambush_5,libx264,bframes,False,dgt1_naive,True,392937,391606,1503.76704,42.820510868264634,23.547991071428573,24.30478597689076,25.8807373046875,1,17,32,50,1,1,1,0,,0,16,19053,10.530514983774099,16.44461875847282,92.18473184087614,0.03952355170546833,0.13409815797018354,51.085893728304114,0.007858373383963538,0.8749177090190915,0.006875430037713984,3038,2658,386594,1.0,0.005496722659948163,0.004865569563935291,0.3937372614415416,5397,2273,392,1881,2125,0.07263294422827497,0.172459304883414,1435,0.0037119044786002886,362,0.0009363828719535223,185,0.00047853820804254595,143,0.00036989710135180574,0.030027057052752295,x264_crf12,13406,446464,0.030027057052752295,x264_crf12,13406,446464
x264_crf23_bf2_pb1,ambush_5,libx264,bframes,False,dgt1_naive,True,392937,391606,1503.76704,42.820510868264634,23.547991071428573,24.30478597689076,25.8807373046875,1,17,32,50,1,1,1,0,,0,16,19053,10.530514983774099,16.44461875847282,92.18473184087614,0.03952355170546833,0.13409815797018354,51.085893728304114,0.007858373383963538,0.8749177090190915,0.006875430037713984,3038,2658,386594,2.0,0.0093120948592063,0.004542232936879517,0.38851715950787824,9266,2273,517,1756,3600,0.05579538096265919,0.22745270567531897,2404,0.006218410011536651,686,0.0017744714092820892,263,0.000680300263325349,247,0.0006389131750622099,0.06439936926605505,x264_crf12,28752,446464,0.06439936926605505,x264_crf12,28752,446464
x264_crf23_bf2_pb1,ambush_5,libx264,bframes,False,dgt1_scaled,True,392937,391606,1503.76704,42.820510868264634,23.547991071428573,24.30478597689076,25.8807373046875,1,17,32,50,1,1,1,0,,0,16,19053,2.299968507419314,5.6217597809162685,45.45820583024642,0.03952355170546833,0.13409815797018354,51.085893728304114,0.007858373383963538,0.8749177090190915,0.006875430037713984,3038,2658,386594,0.5,0.008111869299575265,0.004736234913112982,0.40621761658031086,7720,2273,442,1831,3136,0.057253886010362694,0.194456665200176,2127,0.005501896045981055,553,0.0014304412380947455,209,0.0005406188404372546,247,0.0006389131750622099,0.0255653311353211,x264_crf12,11414,446464,0.0255653311353211,x264_crf12,11414,446464
x264_crf23_bf2_pb1,ambush_5,libx264,bframes,False,dgt1_scaled,True,392937,391606,1503.76704,42.820510868264634,23.547991071428573,24.30478597689076,25.8807373046875,1,17,32,50,1,1,1,0,,0,16,19053,2.299968507419314,5.6217597809162685,45.45820583024642,0.03952355170546833,0.13409815797018354,51.085893728304114,0.007858373383963538,0.8749177090190915,0.006875430037713984,3038,2658,386594,1.0,0.012910184845082955,0.004205962844741512,0.37382967567972436,13351,2273,647,1626,4991,0.04846078945397349,0.2846458424989001,3296,0.008525740182206656,1047,0.0027082675882191655,376,0.000972596574183769,272,0.0007035805004733648,0.04008385894495413,x264_crf12,17896,446464,0.04008385894495413,x264_crf12,17896,446464
x264_crf23_bf2_pb1,ambush_5,libx264,bframes,False,dgt1_scaled,True,392937,391606,1503.76704,42.820510868264634,23.547991071428573,24.30478597689076,25.8807373046875,1,17,32,50,1,1,1,0,,0,16,19053,2.299968507419314,5.6217597809162685,45.45820583024642,0.03952355170546833,0.13409815797018354,51.085893728304114,0.007858373383963538,0.8749177090190915,0.006875430037713984,3038,2658,386594,2.0,0.036149034904835564,0.0028298421599921362,0.39943407551376225,34987,2273,1179,1094,13975,0.03369823077142939,0.5186977562692477,10155,0.026267867582011103,2545,0.006583133726855564,666,0.0017227375489531653,609,0.0015752960470157324,0.07294205131880734,x264_crf12,32566,446464,0.07294205131880734,x264_crf12,32566,446464
x264_crf23_bf2_pb1,ambush_5,libx264,bframes,False,d1,True,392937,391606,1503.76704,42.820510868264634,23.547991071428573,24.30478597689076,25.8807373046875,1,17,32,50,1,1,1,0,,0,1,1856,56.04875663058438,55.29655705596596,96.2852897473997,0.3388998035363458,0.2498924885321101,63.90043476183651,0.20949787396684344,1.0,0.20949787396684344,4385,4385,20931,0.5,0.21255553963021356,0.0,1.0,4449,0,0,0,4449,0.0,,0,0.0,0,0.0,37,0.001767712961635851,4412,0.2107878266685777,0.20914564220183487,x264_crf12,5836,27904,0.20914564220183487,x264_crf12,5836,27904
x264_crf23_bf2_pb1,ambush_5,libx264,bframes,False,d1,True,392937,391606,1503.76704,42.820510868264634,23.547991071428573,24.30478597689076,25.8807373046875,1,17,32,50,1,1,1,0,,0,1,1856,56.04875663058438,55.29655705596596,96.2852897473997,0.3388998035363458,0.2498924885321101,63.90043476183651,0.20949787396684344,1.0,0.20949787396684344,4385,4385,20931,1.0,0.2228751612440877,0.0,1.0,4665,0,0,0,4665,0.0,,0,0.0,0,0.0,37,0.001767712961635851,4628,0.22110744828245188,0.21401949541284404,x264_crf12,5972,27904,0.21401949541284404,x264_crf12,5972,27904
x264_crf23_bf2_pb1,ambush_5,libx264,bframes,False,d1,True,392937,391606,1503.76704,42.820510868264634,23.547991071428573,24.30478597689076,25.8807373046875,1,17,32,50,1,1,1,0,,0,1,1856,56.04875663058438,55.29655705596596,96.2852897473997,0.3388998035363458,0.2498924885321101,63.90043476183651,0.20949787396684344,1.0,0.20949787396684344,4385,4385,20931,2.0,0.22937270077874922,0.0,1.0,4801,0,0,0,4801,0.0,,0,0.0,0,0.0,37,0.001767712961635851,4764,0.22760498781711339,0.22176032110091742,x264_crf12,6188,27904,0.22176032110091742,x264_crf12,6188,27904
x264_crf23_bf2_pb1,ambush_7,libx264,bframes,False,B_naive,True,222325,220994,848.61696,43.97129686830678,21.822544642857142,22.863576680672267,25.155116489955358,1,17,32,50,1,1,1,0,,0,32,96868,0.27116237482378364,5.500548903772098,20.610061513958936,0.0482326061644588,0.02496281895068808,97.22307089743384,0.4825380927549682,0.019418446333869695,0.009370140058210186,420116,8158,870638,0.5,0.007450857876637592,0.24456777673384344,0.01351038948326457,480149,681651,468721,212930,6487,0.9761990548767153,0.6876260725796632,4281,0.004917083793723683,1191,0.0013679623448551522,507,0.0005823315775327978,508,0.0005834801605259591,0.3429660622133027,x264_crf12,306244,892928,0.3429660622133027,x264_crf12,306244,892928
x264_crf23_bf2_pb1,ambush_7,libx264,bframes,False,B_naive,True,222325,220994,848.61696,43.97129686830678,21.822544642857142,22.863576680672267,25.155116489955358,1,17,32,50,1,1,1,0,,0,32,96868,0.27116237482378364,5.500548903772098,20.610061513958936,0.0482326061644588,0.02496281895068808,97.22307089743384,0.4825380927549682,0.019418446333869695,0.009370140058210186,420116,8158,870638,1.0,0.00820547690314459,0.1946549541830244,0.013595059801897295,525485,681651,512177,169474,7144,0.9746748242100155,0.7513771710156664,4781,0.0054913752903043515,1344,0.0015436955428088368,508,0.0005834801605259591,511,0.0005869259095054431,0.31410819237385323,x264_crf12,280476,892928,0.31410819237385323,x264_crf12,280476,892928
x264_crf23_bf2_pb1,ambush_7,libx264,bframes,False,B_naive,True,222325,220994,848.61696,43.97129686830678,21.822544642857142,22.863576680672267,25.155116489955358,1,17,32,50,1,1,1,0,,0,32,96868,0.27116237482378364,5.500548903772098,20.610061513958936,0.0482326061644588,0.02496281895068808,97.22307089743384,0.4825380927549682,0.019418446333869695,0.009370140058210186,420116,8158,870638,2.0,0.01281014612272839,0.1469990972137674,0.01940526254434606,574741,681651,553668,127983,11153,0.9633347890615077,0.8122455626119525,8307,0.009541278924191226,1805,0.002073192302656213,527,0.0006053032373960246,514,0.0005903716584849272,0.2551739893922018,x264_crf12,227852,892928,0.2551739893922018,x264_crf12,227852,892928
x264_crf23_bf2_pb1,ambush_7,libx264,bframes,False,B_scaled,True,222325,220994,848.61696,43.97129686830678,21.822544642857142,22.863576680672267,25.155116489955358,1,17,32,50,1,1,1,0,,0,32,96868,0.2544797362880106,2.397557246649922,14.026163629438987,0.0482326061644588,0.02496281895068808,97.22307089743384,0.4825380927549682,0.019418446333869695,0.009370140058210186,420116,8158,870638,0.5,0.007576053422892178,0.21751060716394185,0.013087223687160593,504003,681651,492278,189373,6596,0.976736249585816,0.7221848130494931,4387,0.005038833590998785,1194,0.0013714080938346362,507,0.0005823315775327978,508,0.0005834801605259591,0.34506253583715596,x264_crf12,308116,892928,0.34506253583715596,x264_crf12,308116,892928
x264_crf23_bf2_pb1,ambush_7,libx264,bframes,False,B_scaled,True,222325,220994,848.61696,43.97129686830678,21.822544642857142,22.863576680672267,25.155116489955358,1,17,32,50,1,1,1,0,,0,32,96868,0.2544797362880106,2.397557246649922,14.026163629438987,0.0482326061644588,0.02496281895068808,97.22307089743384,0.4825380927549682,0.019418446333869695,0.009370140058210186,420116,8158,870638,1.0,0.008648829938504866,0.17538517730675665,0.013857424948149675,543391,681651,528954,152697,7530,0.9734316541863962,0.7759894726186861,5150,0.005915202414780885,1360,0.0015620728706994182,508,0.0005834801605259591,512,0.0005880744924986045,0.3174500071674312,x264_crf12,283460,892928,0.3174500071674312,x264_crf12,283460,892928
x264_crf23_bf2_pb1,ambush_7,libx264,bframes,False,B_scaled,True,222325,220994,848.61696,43.97129686830678,21.822544642857142,22.863576680672267,25.155116489955358,1,17,32,50,1,1,1,0,,0,32,96868,0.2544797362880106,2.397557246649922,14.026163629438987,0.0482326061644588,0.02496281895068808,97.22307089743384,0.4825380927549682,0.019418446333869695,0.009370140058210186,420116,8158,870638,2.0,0.013786441666915526,0.13421881424886117,0.020431577280998446,587473,681651,564795,116856,12003,0.9613973748580786,0.828569165159297,9135,0.010492305642528812,1810,0.00207893521762202,527,0.0006053032373960246,531,0.0006098975693686699,0.2562961403383027,x264_crf12,228854,892928,0.2562961403383027,x264_crf12,228854,892928
x264_crf23_bf2_pb1,ambush_7,libx264,bframes,False,dgt1_naive,True,222325,220994,848.61696,43.97129686830678,21.822544642857142,22.863576680672267,25.155116489955358,1,17,32,50,1,1,1,0,,0,16,26759,2.173460409321478,8.152067940106653,44.74088415617941,0.03532473353919713,0.023085847907110102,71.41671462340396,0.043773228447554435,0.005133040016760947,0.0002246897332841156,19092,98,436157,0.5,0.000201762209479614,0.6928583056101358,0.0018842472646296812,46703,348792,46597,302195,88,0.9977303385221507,0.13359538062799606,24,5.5026057130803816e-05,64,0.00014673615234881018,0,0.0,0,0.0,0.22605182052752293,x264_crf12,100924,446464,0.22605182052752293,x264_crf12,100924,446464
x264_crf23_bf2_pb1,ambush_7,libx264,bframes,False,dgt1_naive,True,222325,220994,848.61696,43.97129686830678,21.822544642857142,22.863576680672267,25.155116489955358,1,17,32,50,1,1,1,0,,0,16,26759,2.173460409321478,8.152067940106653,44.74088415617941,0.03532473353919713,0.023085847907110102,71.41671462340396,0.043773228447554435,0.005133040016760947,0.0002246897332841156,19092,98,436157,1.0,0.0004539649713291315,0.5624144516768045,0.0019084889201615469,103747,348792,103491,245301,198,0.9975324587698922,0.2967126539599532,126,0.00028888679993672,67,0.00015361440949016066,1,2.292752380450159e-06,4,9.171009521800636e-06,0.17996075831422018,x264_crf12,80346,446464,0.17996075831422018,x264_crf12,80346,446464
x264_crf23_bf2_pb1,ambush_7,libx264,bframes,False,dgt1_naive,True,222325,220994,848.61696,43.97129686830678,21.822544642857142,22.863576680672267,25.155116489955358,1,17,32,50,1,1,1,0,,0,16,26759,2.173460409321478,8.152067940106653,44.74088415617941,0.03532473353919713,0.023085847907110102,71.41671462340396,0.043773228447554435,0.005133040016760947,0.0002246897332841156,19092,98,436157,2.0,0.0009491994855063659,0.46617846325978946,0.002833559196747567,146106,348792,145465,203327,414,0.9956127742871613,0.4170537168283676,324,0.0007428517712658515,81,0.00018571294281646288,1,2.292752380450159e-06,8,1.8342019043601272e-05,0.19685797735091742,x264_crf12,87890,446464,0.19685797735091742,x264_crf12,87890,446464
x264_crf23_bf2_pb1,ambush_7,libx264,bframes,False,dgt1_scaled,True,222325,220994,848.61696,43.97129686830678,21.822544642857142,22.863576680672267,25.155116489955358,1,17,32,50,1,1,1,0,,0,16,26759,0.6731358185249814,2.2266996643320813,16.970635688931914,0.03532473353919713,0.023085847907110102,71.41671462340396,0.043773228447554435,0.005133040016760947,0.0002246897332841156,19092,98,436157,0.5,0.0007428517712658515,0.4860818466744773,0.00236105139659105,137227,348792,136784,212008,324,0.9967717723188585,0.3921649579118787,234,0.0005365040570253372,81,0.00018571294281646288,1,2.292752380450159e-06,8,1.8342019043601272e-05,0.17405210722477063,x264_crf12,77708,446464,0.17405210722477063,x264_crf12,77708,446464
x264_crf23_bf2_pb1,ambush_7,libx264,bframes,False,dgt1_scaled,True,222325,220994,848.61696,43.97129686830678,21.822544642857142,22.863576680672267,25.155116489955358,1,17,32,50,1,1,1,0,,0,16,26759,0.6731358185249814,2.2266996643320813,16.970635688931914,0.03532473353919713,0.023085847907110102,71.41671462340396,0.043773228447554435,0.005133040016760947,0.0002246897332841156,19092,98,436157,1.0,0.0016416107044023138,0.412748161785779,0.004213202151322216,169942,348792,168769,180023,716,0.9930976450789093,0.48386717585265715,610,0.001398578952074597,97,0.00022239698090366543,1,2.292752380450159e-06,8,1.8342019043601272e-05,0.1736892560206422,x264_crf12,77546,446464,0.1736892560206422,x264_crf12,77546,446464
x264_crf23_bf2_pb1,ambush_7,libx264,bframes,False,dgt1_scaled,True,222325,220994,848.61696,43.97129686830678,21.822544642857142,22.863576680672267,25.155116489955358,1,17,32,50,1,1,1,0,,0,16,26759,0.6731358185249814,2.2266996643320813,16.970635688931914,0.03532473353919713,0.023085847907110102,71.41671462340396,0.043773228447554435,0.005133040016760947,0.0002246897332841156,19092,98,436157,2.0,0.004564869989476267,0.33412509715538213,0.00964230020437221,206486,348792,203061,145731,1991,0.9834129190356731,0.5821836510011698,1837,0.004211786122886942,139,0.0003186925808825721,2,4.585504760900318e-06,13,2.9805780945852067e-05,0.17024440940366972,x264_crf12,76008,446464,0.17024440940366972,x264_crf12,76008,446464
x264_crf23_bf2_pb1,ambush_7,libx264,bframes,False,d1,True,222325,220994,848.61696,43.97129686830678,21.822544642857142,22.863576680672267,25.155116489955358,1,17,32,50,1,1,1,0,,0,1,2827,1.913575403797691,6.532173415875267,42.4124513618677,0.03268621236133122,0.0,96.2729357798165,0.32747993119266056,0.0,0.0,9138,0,27904,0.5,0.0,0.638259747706422,0.0,10094,27904,10094,17810,0,1.0,0.361740252293578,0,0.0,0,0.0,0,0.0,0,0.0,0.40065940366972475,x264_crf12,11180,27904,0.40065940366972475,x264_crf12,11180,27904
x264_crf23_bf2_pb1,ambush_7,libx264,bframes,False,d1,True,222325,220994,848.61696,43.97129686830678,21.822544642857142,22.863576680672267,25.155116489955358,1,17,32,50,1,1,1,0,,0,1,2827,1.913575403797691,6.532173415875267,42.4124513618677,0.03268621236133122,0.0,96.2729357798165,0.32747993119266056,0.0,0.0,9138,0,27904,1.0,0.0,0.578483371559633,0.0,11762,27904,11762,16142,0,1.0,0.42151662844036697,0,0.0,0,0.0,0,0.0,0,0.0,0.448036123853211,x264_crf12,12502,27904,0.448036123853211,x264_crf12,12502,27904
x264_crf23_bf2_pb1,ambush_7,libx264,bframes,False,d1,True,222325,220994,848.61696,43.97129686830678,21.822544642857142,22.863576680672267,25.155116489955358,1,17,32,50,1,1,1,0,,0,1,2827,1.913575403797691,6.532173415875267,42.4124513618677,0.03268621236133122,0.0,96.2729357798165,0.32747993119266056,0.0,0.0,9138,0,27904,2.0,0.0,0.4805762614678899,0.0,14494,27904,14494,13410,0,1.0,0.5194237385321101,0,0.0,0,0.0,0,0.0,0,0.0,0.4840883027522936,x264_crf12,13508,27904,0.4840883027522936,x264_crf12,13508,27904
x264_crf23_bf2_pb1,bandage_2,libx264,bframes,False,B_naive,True,385941,384610,1476.9024,40.07576950222942,21.617745535714285,24.074350052521005,29.45029994419643,1,17,32,50,1,1,1,0,,0,32,115187,0.12095204940154676,2.602123216967383,21.44263179182958,0.030477793928492997,0.02143061926605505,99.16616311433384,0.5449077125906394,0.07036434968160357,0.03834207683293049,476136,33503,873792,0.5,0.029588277301691935,0.0398241229033912,0.052966700674836824,488118,479533,444735,34798,25854,0.9111219008518432,0.9274335655731722,22996,0.026317476012597964,2578,0.0029503588954808467,276,0.0003158646451329378,4,4.577748480187504e-06,0.09683871487958716,x264_crf12,86470,892928,0.09683871487958716,x264_crf12,86470,892928
x264_crf23_bf2_pb1,bandage_2,libx264,bframes,False,B_naive,True,385941,384610,1476.9024,40.07576950222942,21.617745535714285,24.074350052521005,29.45029994419643,1,17,32,50,1,1,1,0,,0,32,115187,0.12095204940154676,2.602123216967383,21.44263179182958,0.030477793928492997,0.02143061926605505,99.16616311433384,0.5449077125906394,0.07036434968160357,0.03834207683293049,476136,33503,873792,1.0,0.03155670914817256,0.029028647549989014,0.05300877776453445,520178,479533,454168,25365,27574,0.873101130766776,0.9471047873660415,24681,0.02824585255987695,2604,0.0029801142606020654,285,0.0003261645792133597,4,4.577748480187504e-06,0.10273840668004587,x264_crf12,91738,892928,0.10273840668004587,x264_crf12,91738,892928
x264_crf23_bf2_pb1,bandage_2,libx264,bframes,False,B_naive,True,385941,384610,1476.9024,40.07576950222942,21.617745535714285,24.074350052521005,29.45029994419643,1,17,32,50,1,1,1,0,,0,32,115187,0.12095204940154676,2.602123216967383,21.44263179182958,0.030477793928492997,0.02143061926605505,99.16616311433384,0.5449077125906394,0.07036434968160357,0.03834207683293049,476136,33503,873792,2.0,0.03913631619424302,0.018246905442027395,0.057426657038741204,595490,479533,463589,15944,34197,0.7785000587751264,0.9667509848123069,31054,0.03553935032593569,2762,0.003160935325569472,377,0.0004314527942576723,4,4.577748480187504e-06,0.10305198179472477,x264_crf12,92018,892928,0.10305198179472477,x264_crf12,92018,892928
x264_crf23_bf2_pb1,bandage_2,libx264,bframes,False,B_scaled,True,385941,384610,1476.9024,40.07576950222942,21.617745535714285,24.074350052521005,29.45029994419643,1,17,32,50,1,1,1,0,,0,32,115187,0.10285883404054229,0.7757064624344703,6.961844411487124,0.030477793928492997,0.02143061926605505,99.16616311433384,0.5449077125906394,0.07036434968160357,0.03834207683293049,476136,33503,873792,0.5,0.030596526404453234,0.03709692924631949,0.05420480027249393,493222,479533,447118,32415,26735,0.9065248508785091,0.9324029837362601,23859,0.027305125247198418,2593,0.00296752545228155,279,0.00031929795649307844,4,4.577748480187504e-06,0.09916813001720183,x264_crf12,88550,892928,0.09916813001720183,x264_crf12,88550,892928
x264_crf23_bf2_pb1,bandage_2,libx264,bframes,False,B_scaled,True,385941,384610,1476.9024,40.07576950222942,21.617745535714285,24.074350052521005,29.45029994419643,1,17,32,50,1,1,1,0,,0,32,115187,0.10285883404054229,0.7757064624344703,6.961844411487124,0.030477793928492997,0.02143061926605505,99.16616311433384,0.5449077125906394,0.07036434968160357,0.03834207683293049,476136,33503,873792,1.0,0.03238299274884641,0.025343560023438072,0.05297547057479958,534134,479533,457388,22145,28296,0.8563169541725485,0.9538196537047502,25351,0.02901262543030836,2626,0.003005291877243097,315,0.000360497692814766,4,4.577748480187504e-06,0.1005859375,x264_crf12,89816,892928,0.1005859375,x264_crf12,89816,892928
x264_crf23_bf2_pb1,bandage_2,libx264,bframes,False,B_scaled,True,385941,384610,1476.9024,40.07576950222942,21.617745535714285,24.074350052521005,29.45029994419643,1,17,32,50,1,1,1,0,,0,32,115187,0.10285883404054229,0.7757064624344703,6.961844411487124,0.030477793928492997,0.02143061926605505,99.16616311433384,0.5449077125906394,0.07036434968160357,0.03834207683293049,476136,33503,873792,2.0,0.04248036145902,0.015573500329597891,0.059097559771818686,628097,479533,465925,13608,37119,0.7418042117698381,0.9716223909511963,33817,0.03870143008862521,2910,0.0033303120193364094,384,0.00043946385409800046,8,9.155496960375008e-06,0.07862448036123854,x264_crf12,70206,892928,0.07862448036123854,x264_crf12,70206,892928
x264_crf23_bf2_pb1,bandage_2,libx264,bframes,False,dgt1_naive,True,385941,384610,1476.9024,40.07576950222942,21.617745535714285,24.074350052521005,29.45029994419643,1,17,32,50,1,1,1,0,,0,16,39771,0.6811697989187385,3.5931419663728756,32.213420648559605,0.014263662242893228,0.020872903526376163,89.64645598142492,0.36576193253954636,0.004440525107729641,0.0016241750448935707,159891,710,437145,0.5,0.0010843084102528909,0.1433277287856432,0.002658485560609545,178297,238981,176326,62655,474,0.9889454113080983,0.7378243458685,442,0.001011106154708392,32,7.320225554449897e-05,0,0.0,0,0.0,0.10642739392201835,x264_crf12,47516,446464,0.10642739392201835,x264_crf12,47516,446464
x264_crf23_bf2_pb1,bandage_2,libx264,bframes,False,dgt1_naive,True,385941,384610,1476.9024,40.07576950222942,21.617745535714285,24.074350052521005,29.45029994419643,1,17,32,50,1,1,1,0,,0,16,39771,0.6811697989187385,3.5931419663728756,32.213420648559605,0.014263662242893228,0.020872903526376163,89.64645598142492,0.36576193253954636,0.004440525107729641,0.0016241750448935707,159891,710,437145,1.0,0.0014869208157476353,0.08918551052854316,0.0032033748786413747,202911,238981,199994,38987,650,0.9856242391984663,0.8368615078186132,618,0.0014137185602031363,32,7.320225554449897e-05,0,0.0,0,0.0,0.10829988532110092,x264_crf12,48352,446464,0.10829988532110092,x264_crf12,48352,446464
x264_crf23_bf2_pb1,bandage_2,libx264,bframes,False,dgt1_naive,True,385941,384610,1476.9024,40.07576950222942,21.617745535714285,24.074350052521005,29.45029994419643,1,17,32,50,1,1,1,0,,0,16,39771,0.6811697989187385,3.5931419663728756,32.213420648559605,0.014263662242893228,0.020872903526376163,89.64645598142492,0.36576193253954636,0.004440525107729641,0.0016241750448935707,159891,710,437145,2.0,0.0031088082901554403,0.05396378775921033,0.0060634453219113905,224130,238981,215391,23590,1359,0.9610092357114175,0.9012892238295095,1311,0.002999004906838692,38,8.692767845909253e-05,10,2.2875704857655926e-05,0,0.0,0.17513170154816513,x264_crf12,78190,446464,0.17513170154816513,x264_crf12,78190,446464
x264_crf23_bf2_pb1,bandage_2,libx264,bframes,False,dgt1_scaled,True,385941,384610,1476.9024,40.07576950222942,21.617745535714285,24.074350052521005,29.45029994419643,1,17,32,50,1,1,1,0,,0,16,39771,0.11654603507447518,0.6638019457261382,4.795558312402762,0.014263662242893228,0.020872903526376163,89.64645598142492,0.36576193253954636,0.004440525107729641,0.0016241750448935707,159891,710,437145,0.5,0.002207505518763797,0.06118564778277231,0.004430182165417952,217824,238981,212234,26747,965,0.974337079477009,0.8880789686209364,919,0.0021022772764185795,36,8.235253748756134e-05,10,2.2875704857655926e-05,0,0.0,0.058983479071100915,x264_crf12,26334,446464,0.058983479071100915,x264_crf12,26334,446464
x264_crf23_bf2_pb1,bandage_2,libx264,bframes,False,dgt1_scaled,True,385941,384610,1476.9024,40.07576950222942,21.617745535714285,24.074350052521005,29.45029994419643,1,17,32,50,1,1,1,0,,0,16,39771,0.11654603507447518,0.6638019457261382,4.795558312402762,0.014263662242893228,0.020872903526376163,89.64645598142492,0.36576193253954636,0.004440525107729641,0.0016241750448935707,159891,710,437145,1.0,0.0051813471502590676,0.04345697651808896,0.00931374363149649,243189,238981,219984,18997,2265,0.9045803880932115,0.9205083249295969,2190,0.005009779363826648,64,0.00014640451108899794,11,2.5163275343421518e-05,0,0.0,0.06950616399082568,x264_crf12,31032,446464,0.06950616399082568,x264_crf12,31032,446464
x264_crf23_bf2_pb1,bandage_2,libx264,bframes,False,dgt1_scaled,True,385941,384610,1476.9024,40.07576950222942,21.617745535714285,24.074350052521005,29.45029994419643,1,17,32,50,1,1,1,0,,0,16,39771,0.11654603507447518,0.6638019457261382,4.795558312402762,0.014263662242893228,0.020872903526376163,89.64645598142492,0.36576193253954636,0.004440525107729641,0.0016241750448935707,159891,710,437145,2.0,0.014661039243271683,0.03240343593086962,0.02199382292381606,291400,238981,224816,14165,6409,0.771503088538092,0.9407275055339127,6234,0.014260714408262704,164,0.0003751615596655572,11,2.5163275343421518e-05,0,0.0,0.06423810206422019,x264_crf12,28680,446464,0.06423810206422019,x264_crf12,28680,446464
x264_crf23_bf2_pb1,bandage_2,libx264,bframes,False,d1,True,385941,384610,1476.9024,40.07576950222942,21.617745535714285,24.074350052521005,29.45029994419643,1,17,32,50,1,1,1,0,,0,1,2868,0.18833351900938824,2.7096593774657456,22.080730418068235,0.036127836961556276,0.004622993119266061,99.66876687668767,0.570981098109811,0.08733211425688883,0.049864986498649864,15859,1385,27775,0.5,0.017425742574257427,0.15103510351035104,0.02803684180038232,17263,19369,15174,4195,484,0.8789897468574408,0.7834168000413031,484,0.017425742574257427,0,0.0,0,0.0,0,0.0,0.2044151376146789,x264_crf12,5704,27904,0.2044151376146789,x264_crf12,5704,27904
x264_crf23_bf2_pb1,bandage_2,libx264,bframes,False,d1,True,385941,384610,1476.9024,40.07576950222942,21.617745535714285,24.074350052521005,29.45029994419643,1,17,32,50,1,1,1,0,,0,1,2868,0.18833351900938824,2.7096593774657456,22.080730418068235,0.036127836961556276,0.004622993119266061,99.66876687668767,0.570981098109811,0.08733211425688883,0.049864986498649864,15859,1385,27775,1.0,0.017893789378937895,0.09576957695769577,0.024731289808917197,20096,19369,16709,2660,497,0.8314589968152867,0.8626671485363209,497,0.017893789378937895,0,0.0,0,0.0,0,0.0,0.1900086009174312,x264_crf12,5302,27904,0.1900086009174312,x264_crf12,5302,27904
x264_crf23_bf2_pb1,bandage_2,libx264,bframes,False,d1,True,385941,384610,1476.9024,40.07576950222942,21.617745535714285,24.074350052521005,29.45029994419643,1,17,32,50,1,1,1,0,,0,1,2868,0.18833351900938824,2.7096593774657456,22.080730418068235,0.036127836961556276,0.004622993119266061,99.66876687668767,0.570981098109811,0.08733211425688883,0.049864986498649864,15859,1385,27775,2.0,0.0183978397839784,0.08374437443744374,0.024093545193078412,21209,19369,17043,2326,511,0.8035739544532982,0.8799111983065724,511,0.0183978397839784,0,0.0,0,0.0,0,0.0,0.1991829128440367,x264_crf12,5558,27904,0.1991829128440367,x264_crf12,5558,27904
x264_qp24,alley_1,libx264,bframes_cqp,True,d1,True,407879,406836,1562.25024,42.61666893652428,21.0,24.0,,1,49,0,50,1,1,1,0,,0,49,124295,0.21212261353963538,0.5137391238789071,2.8276710399458405,0.03463517960927106,0.01827841228234417,98.5898872386583,0.002329576608577491,0.4963223536936361,0.0011562209454788184,3127,1552,1342304,0.5,0.000269685555582044,0.0011815505280472977,0.04722149752152361,7666,2272,686,1586,362,0.08948604226454475,0.3019366197183099,359,0.000267450592414237,3,2.2349631678069946e-06,0,0.0,0,0.0,0.007334183673469388,x264_crf12,10028,1367296,0.007334183673469388,x264_crf12,10028,1367296
x264_qp24,alley_1,libx264,bframes_cqp,True,d1,True,407879,406836,1562.25024,42.61666893652428,21.0,24.0,,1,49,0,50,1,1,1,0,,0,49,124295,0.21212261353963538,0.5137391238789071,2.8276710399458405,0.03463517960927106,0.01827841228234417,98.5898872386583,0.002329576608577491,0.4963223536936361,0.0011562209454788184,3127,1552,1342304,1.0,0.0006704889503420983,0.0006123799079791165,0.010743190011220665,83774,2272,1450,822,900,0.017308472795855515,0.6382042253521126,849,0.0006324945764893795,49,3.650439840751424e-05,2,1.489975445204663e-06,0,0.0,0.07842925014042314,x264_crf12,107236,1367296,0.07842925014042314,x264_crf12,107236,1367296
x264_qp24,alley_1,libx264,bframes_cqp,True,d1,True,407879,406836,1562.25024,42.61666893652428,21.0,24.0,,1,49,0,50,1,1,1,0,,0,49,124295,0.21212261353963538,0.5137391238789071,2.8276710399458405,0.03463517960927106,0.01827841228234417,98.5898872386583,0.002329576608577491,0.4963223536936361,0.0011562209454788184,3127,1552,1342304,2.0,0.006511192695544377,0.0001534674708560803,0.0088803630178603,984194,2272,2066,206,8740,0.002099179633283682,0.909330985915493,8543,0.0063644301141917185,189,0.00014080267957184065,7,5.214914058216321e-06,1,7.449877226023315e-07,0.06789897725145104,x264_crf12,92838,1367296,0.06789897725145104,x264_crf12,92838,1367296
x264_qp24,ambush_5,libx264,bframes_cqp,True,d1,True,500321,499278,1917.22752,44.52316945163644,21.0,24.0,,1,49,0,50,1,1,1,0,,0,49,82344,1.1500130985867694,4.7234140470631765,32.752775790750476,0.05706517185326697,0.13566411369593712,75.88540560482585,0.02764250894607646,0.829160034284315,0.02292006366543324,32668,27087,1181803,0.5,0.01505750112328366,0.004251131533766626,0.47064268711980956,37810,6999,1975,5024,17795,0.05223485850304152,0.2821831690241463,9649,0.008164643345802981,1956,0.0016550981847228345,4832,0.00408866790827236,1358,0.0011490916844854853,0.03322323768957124,x264_crf12,45426,1367296,0.03322323768957124,x264_crf12,45426,1367296
x264_qp24,ambush_5,libx264,bframes_cqp,True,d1,True,500321,499278,1917.22752,44.52316945163644,21.0,24.0,,1,49,0,50,1,1,1,0,,0,49,82344,1.1500130985867694,4.7234140470631765,32.752775790750476,0.05706517185326697,0.13566411369593712,75.88540560482585,0.02764250894607646,0.829160034284315,0.02292006366543324,32668,27087,1181803,1.0,0.01984763958121616,0.003627508137989157,0.4413253306741425,53149,6999,2712,4287,23456,0.05102635985625317,0.3874839262751822,13248,0.01120999015910435,3093,0.002617187466946691,5506,0.004658982926934523,1609,0.0013614790282305935,0.04370377738251264,x264_crf12,59756,1367296,0.04370377738251264,x264_crf12,59756,1367296
x264_qp24,ambush_5,libx264,bframes_cqp,True,d1,True,500321,499278,1917.22752,44.52316945163644,21.0,24.0,,1,49,0,50,1,1,1,0,,0,49,82344,1.1500130985867694,4.7234140470631765,32.752775790750476,0.05706517185326697,0.13566411369593712,75.88540560482585,0.02764250894607646,0.829160034284315,0.02292006366543324,32668,27087,1181803,2.0,0.03521483699059826,0.0026239567846756185,0.36131827297905034,115181,6999,3898,3101,41617,0.03384238719927766,0.5569367052436063,27213,0.023026680419663853,5684,0.004809600246403165,6896,0.0058351518823357195,1824,0.0015434044421955267,0.06762398193222242,x264_crf12,92462,1367296,0.06762398193222242,x264_crf12,92462,1367296
x264_qp24,ambush_7,libx264,bframes_cqp,True,d1,True,328210,327167,1256.3212800000001,45.15760772419902,21.0,24.0,,1,49,0,50,1,1,1,0,,0,49,95706,0.7816737047092042,2.865534810750617,21.06955796266102,0.03988792427243841,0.023840485161954694,87.05910471199874,0.1608834651108602,0.004517279759326785,0.0007267556205556459,214731,970,1334699,0.5,0.0007994311826112105,0.5401457557097143,0.0031426720075400567,339520,1058347,337415,720932,1067,0.9938000706880301,0.3188132058767115,844,0.000632352313143263,195,0.00014610035670964015,3,2.2476977955329254e-06,25,1.8730814962774377e-05,0.17341380359483244,x264_crf12,237108,1367296,0.17341380359483244,x264_crf12,237108,1367296
x264_qp24,ambush_7,libx264,bframes_cqp,True,d1,True,328210,327167,1256.3212800000001,45.15760772419902,21.0,24.0,,1,49,0,50,1,1,1,0,,0,49,95706,0.7816737047092042,2.865534810750617,21.06955796266102,0.03988792427243841,0.023840485161954694,87.05910471199874,0.1608834651108602,0.004517279759326785,0.0007267556205556459,214731,970,1334699,1.0,0.001116356571781353,0.45692849099310034,0.003297736955679743,451825,1058347,448485,609862,1490,0.9926077574282078,0.4237598821558525,1219,0.0009133145375848787,204,0.00015284345009623893,23,1.723234976575243e-05,44,3.2966234334482905e-05,0.16881055747987267,x264_crf12,230814,1367296,0.16881055747987267,x264_crf12,230814,1367296
x264_qp24,ambush_7,libx264,bframes_cqp,True,d1,True,328210,327167,1256.3212800000001,45.15760772419902,21.0,24.0,,1,49,0,50,1,1,1,0,,0,49,95706,0.7816737047092042,2.865534810750617,21.06955796266102,0.03988792427243841,0.023840485161954694,87.05910471199874,0.1608834651108602,0.004517279759326785,0.0007267556205556459,214731,970,1334699,2.0,0.0035948180076556587,0.3290831865461801,0.007589718604618054,632171,1058347,619120,439227,4798,0.9793552693812275,0.5849877214184006,4446,0.0033310881329797954,268,0.00020079433640094133,32,2.3975443152351203e-05,52,3.896009512257071e-05,0.1538788967421831,x264_crf12,210398,1367296,0.1538788967421831,x264_crf12,210398,1367296
x264_qp24,bandage_2,libx264,bframes_cqp,True,d1,True,672457,671414,2578.2297599999997,42.78858723124159,21.0,24.0,,1,49,0,50,1,1,1,0,,0,49,128122,0.13158808674827155,0.6302948799232206,5.007529198599447,0.025309356466952256,0.020905495225613135,97.25706499979084,0.44157966762081763,0.007089595160602759,0.0031306210745851238,591148,4191,1338712,0.5,0.0024336825246953787,0.0748331231810875,0.005006077051792461,650809,737883,637703,100180,3258,0.9798619871575224,0.8642332185454875,3232,0.002414260871643789,21,1.5686719772437987e-05,5,3.734933279151901e-06,0,0.0,0.059966532484553456,x264_crf12,81992,1367296,0.059966532484553456,x264_crf12,81992,1367296
x264_qp24,bandage_2,libx264,bframes_cqp,True,d1,True,672457,671414,2578.2297599999997,42.78858723124159,21.0,24.0,,1,49,0,50,1,1,1,0,,0,49,128122,0.13158808674827155,0.6302948799232206,5.007529198599447,0.025309356466952256,0.020905495225613135,97.25706499979084,0.44157966762081763,0.007089595160602759,0.0031306210745851238,591148,4191,1338712,1.0,0.0036938490130812305,0.0450425483599161,0.006696186761997617,738480,737883,677584,60299,4945,0.9175387281984617,0.9182810825022395,4903,0.0036624755735363544,37,2.763850626572407e-05,5,3.734933279151901e-06,0,0.0,0.05285029722898334,x264_crf12,72262,1367296,0.05285029722898334,x264_crf12,72262,1367296
x264_qp24,bandage_2,libx264,bframes_cqp,True,d1,True,672457,671414,2578.2297599999997,42.78858723124159,21.0,24.0,,1,49,0,50,1,1,1,0,,0,49,128122,0.13158808674827155,0.6302948799232206,5.007529198599447,0.025309356466952256,0.020905495225613135,97.25706499979084,0.44157966762081763,0.007089595160602759,0.0031306210745851238,591148,4191,1338712,2.0,0.010913475041681855,0.025765810719557306,0.016128854200015457,905830,737883,703390,34493,14610,0.7765143569985539,0.9532541066808694,14292,0.010675933285127795,273,0.0002039273570416938,43,3.212042620070635e-05,2,1.4939733116607605e-06,0.03885332802845909,x264_crf12,53124,1367296,0.03885332802845909,x264_crf12,53124,1367296
x264_qp24_bf2_pb1,alley_1,libx264,bframes_cqp,True,B_naive,True,395223,393892,1512.54528,43.00554828926614,21.0,24.0,24.0,1,17,32,50,1,1,1,0,,0,32,113223,2.2352618731345717,3.69566399822111,37.91572050335888,0.04196881798404641,0.018322865897362428,99.53169580876305,0.03607026045926894,0.9239989879182744,0.03332888415831305,31618,29215,876567,0.5,0.016828148903620603,0.0013130770380358832,0.4405650797443402,33482,1537,386,1151,14751,0.011528582521952093,0.2511385816525699,10101,0.011523363302519945,4337,0.004947710785370656,217,0.00024755666138469735,96,0.00010951815434530389,0.04292395355504587,x264_crf12,38328,892928,0.04292395355504587,x264_crf12,38328,892928
x264_qp24_bf2_pb1,alley_1,libx264,bframes_cqp,True,B_naive,True,395223,393892,1512.54528,43.00554828926614,21.0,24.0,24.0,1,17,32,50,1,1,1,0,,0,32,113223,2.2352618731345717,3.69566399822111,37.91572050335888,0.04196881798404641,0.018322865897362428,99.53169580876305,0.03607026045926894,0.9239989879182744,0.03332888415831305,31618,29215,876567,1.0,0.017897091722595078,0.0008316534845596514,0.25320786997433703,61957,1537,808,729,15688,0.013041302839065804,0.5256994144437215,11022,0.012574053095770204,4353,0.004965963811094874,217,0.00024755666138469735,96,0.00010951815434530389,0.10883968248279817,x264_crf12,97186,892928,0.10883968248279817,x264_crf12,97186,892928
x264_qp24_bf2_pb1,alley_1,libx264,bframes_cqp,True,B_naive,True,395223,393892,1512.54528,43.00554828926614,21.0,24.0,24.0,1,17,32,50,1,1,1,0,,0,32,113223,2.2352618731345717,3.69566399822111,37.91572050335888,0.04196881798404641,0.018322865897362428,99.53169580876305,0.03607026045926894,0.9239989879182744,0.03332888415831305,31618,29215,876567,2.0,0.024146471404923982,0.00026695050121667825,0.059052800446397435,358425,1537,1303,234,21166,0.0036353490967426937,0.8477553675992192,16393,0.018701365668568403,4459,0.005086890106517813,218,0.0002486974754924609,96,0.00010951815434530389,0.403488299168578,x264_crf12,360286,892928,0.403488299168578,x264_crf12,360286,892928
x264_qp24_bf2_pb1,alley_1,libx264,bframes_cqp,True,B_scaled,True,395223,393892,1512.54528,43.00554828926614,21.0,24.0,24.0,1,17,32,50,1,1,1,0,,0,32,113223,0.1883910673157708,0.6808998177548693,5.087697511590501,0.04196881798404641,0.018322865897362428,99.53169580876305,0.03607026045926894,0.9239989879182744,0.03332888415831305,31618,29215,876567,0.5,0.01688404879490102,0.0012366424928157232,0.4337504762462999,34121,1537,453,1084,14800,0.013276281468890126,0.2947299934938191,10142,0.011570136680938252,4345,0.004956837298232765,217,0.00024755666138469735,96,0.00010951815434530389,0.0435959002293578,x264_crf12,38928,892928,0.0435959002293578,x264_crf12,38928,892928
x264_qp24_bf2_pb1,alley_1,libx264,bframes_cqp,True,B_scaled,True,395223,393892,1512.54528,43.00554828926614,21.0,24.0,24.0,1,17,32,50,1,1,1,0,,0,32,113223,0.1883910673157708,0.6808998177548693,5.087697511590501,0.04196881798404641,0.018322865897362428,99.53169580876305,0.03607026045926894,0.9239989879182744,0.03332888415831305,31618,29215,876567,1.0,0.01852111703954176,0.0005635621692352096,0.17315301671270572,93761,1537,1043,494,16235,0.01112402811403462,0.6785946649316851,11556,0.013183247829315957,4366,0.0049807943944958,217,0.00024755666138469735,96,0.00010951815434530389,0.1201149476777523,x264_crf12,107254,892928,0.1201149476777523,x264_crf12,107254,892928
x264_qp24_bf2_pb1,alley_1,libx264,bframes_cqp,True,B_scaled,True,395223,393892,1512.54528,43.00554828926614,21.0,24.0,24.0,1,17,32,50,1,1,1,0,,0,32,113223,0.1883910673157708,0.6808998177548693,5.087697511590501,0.04196881798404641,0.018322865897362428,99.53169580876305,0.03607026045926894,0.9239989879182744,0.03332888415831305,31618,29215,876567,2.0,0.030192786176070966,0.00012434873774623046,0.03840773204852847,689080,1537,1428,109,26466,0.002072328321820398,0.9290826284970722,21597,0.024638162285370087,4555,0.005196408260863117,218,0.0002486974754924609,96,0.00010951815434530389,0.09490350845756881,x264_crf12,84742,892928,0.09490350845756881,x264_crf12,84742,892928
x264_qp24_bf2_pb1,alley_1,libx264,bframes_cqp,True,dgt1_naive,True,395223,393892,1512.54528,43.00554828926614,21.0,24.0,24.0,1,17,32,50,1,1,1,0,,0,16,37198,2.7390922966969042,4.49035356821587,37.067579636796665,0.0242272832907274,0.01869579630160545,92.01035339874964,0.00023737951277855003,1.0,0.00023737951277855003,104,104,438117,0.5,0.00022368454088747983,0.0016502441128739584,0.3487544483985765,281,727,4,723,98,0.014234875444839857,0.005502063273727648,94,0.00021455455962676636,4,9.129981260713462e-06,0,0.0,0,0.0,0.005124713302752293,x264_crf12,2288,446464,0.005124713302752293,x264_crf12,2288,446464
x264_qp24_bf2_pb1,alley_1,libx264,bframes_cqp,True,dgt1_naive,True,395223,393892,1512.54528,43.00554828926614,21.0,24.0,24.0,1,17,32,50,1,1,1,0,,0,16,37198,2.7390922966969042,4.49035356821587,37.067579636796665,0.0242272832907274,0.01869579630160545,92.01035339874964,0.00023737951277855003,1.0,0.00023737951277855003,104,104,438117,1.0,0.0003104193628642577,0.0015338368517998618,0.1522956326987682,893,727,55,672,136,0.06159014557670773,0.07565337001375516,132,0.0003012893816035443,4,9.129981260713462e-06,0,0.0,0,0.0,0.07196100917431193,x264_crf12,32128,446464,0.07196100917431193,x264_crf12,32128,446464
x264_qp24_bf2_pb1,alley_1,libx264,bframes_cqp,True,dgt1_naive,True,395223,393892,1512.54528,43.00554828926614,21.0,24.0,24.0,1,17,32,50,1,1,1,0,,0,16,37198,2.7390922966969042,4.49035356821587,37.067579636796665,0.0242272832907274,0.01869579630160545,92.01035339874964,0.00023737951277855003,1.0,0.00023737951277855003,104,104,438117,2.0,0.0007418109774329688,0.0012462424420873876,0.131738954195379,2467,727,181,546,325,0.07336846372111877,0.24896836313617607,312,0.0007121385383356501,11,2.510744846696202e-05,2,4.564990630356731e-06,0,0.0,0.7167834360665137,x264_crf12,320018,446464,0.7167834360665137,x264_crf12,320018,446464
x264_qp24_bf2_pb1,alley_1,libx264,bframes_cqp,True,dgt1_scaled,True,395223,393892,1512.54528,43.00554828926614,21.0,24.0,24.0,1,17,32,50,1,1,1,0,,0,16,37198,0.06913510310239189,0.42037780154222476,3.1606628957030862,0.0242272832907274,0.01869579630160545,92.01035339874964,0.00023737951277855003,1.0,0.00023737951277855003,104,104,438117,0.5,0.0005660588381642347,0.0013877571516284462,0.13971830985915493,1775,727,119,608,248,0.06704225352112676,0.16368638239339753,236,0.0005386688943820943,10,2.2824953151783656e-05,2,4.564990630356731e-06,0,0.0,0.008108156536697247,x264_crf12,3620,446464,0.008108156536697247,x264_crf12,3620,446464
x264_qp24_bf2_pb1,alley_1,libx264,bframes_cqp,True,dgt1_scaled,True,395223,393892,1512.54528,43.00554828926614,21.0,24.0,24.0,1,17,32,50,1,1,1,0,,0,16,37198,0.06913510310239189,0.42037780154222476,3.1606628957030862,0.0242272832907274,0.01869579630160545,92.01035339874964,0.00023737951277855003,1.0,0.00023737951277855003,104,104,438117,1.0,0.0013763446750525545,0.0010522303402972265,0.01864391058343382,32343,727,266,461,603,0.008224345298828185,0.3658872077028886,582,0.0013284122734338088,19,4.3367410988388944e-05,2,4.564990630356731e-06,0,0.0,0.08203125,x264_crf12,36624,446464,0.08203125,x264_crf12,36624,446464
x264_qp24_bf2_pb1,alley_1,libx264,bframes_cqp,True,dgt1_scaled,True,395223,393892,1512.54528,43.00554828926614,21.0,24.0,24.0,1,17,32,50,1,1,1,0,,0,16,37198,0.06913510310239189,0.42037780154222476,3.1606628957030862,0.0242272832907274,0.01869579630160545,92.01035339874964,0.00023737951277855003,1.0,0.00023737951277855003,104,104,438117,2.0,0.010230144002629435,0.0007349634914874337,0.01371384510882037,326823,727,405,322,4482,0.0012392028712789492,0.5570839064649243,4344,0.00991515964913482,132,0.0003012893816035443,3,6.847485945535097e-06,3,6.847485945535097e-06,0.0832541929472477,x264_crf12,37170,446464,0.0832541929472477,x264_crf12,37170,446464
x264_qp24_bf2_pb1,alley_1,libx264,bframes_cqp,True,d1,True,395223,393892,1512.54528,43.00554828926614,21.0,24.0,24.0,1,17,32,50,1,1,1,0,,0,1,3005,1.149106388379751,1.8296138694995203,15.726083964211975,0.04783748361730013,0.01017775229357798,99.88414192614047,0.05814627081824765,0.4763387297633873,0.027697320782041998,1606,765,27620,0.5,0.014590876176683563,0.0001448225923244026,0.22314507198228128,1806,8,4,4,403,0.0022148394241417496,0.5,306,0.0110789283128168,97,0.0035119478638667634,0,0.0,0,0.0,0.07174598623853211,x264_crf12,2002,27904,0.07174598623853211,x264_crf12,2002,27904
x264_qp24_bf2_pb1,alley_1,libx264,bframes_cqp,True,d1,True,395223,393892,1512.54528,43.00554828926614,21.0,24.0,24.0,1,17,32,50,1,1,1,0,,0,1,3005,1.149106388379751,1.8296138694995203,15.726083964211975,0.04783748361730013,0.01017775229357798,99.88414192614047,0.05814627081824765,0.4763387297633873,0.027697320782041998,1606,765,27620,1.0,0.018102824040550327,0.0001448225923244026,0.0611321677466683,8179,8,4,4,500,0.0004890573419733463,0.5,372,0.013468501086169442,128,0.004634322954380883,0,0.0,0,0.0,0.30182052752293576,x264_crf12,8422,27904,0.30182052752293576,x264_crf12,8422,27904
x264_qp24_bf2_pb1,alley_1,libx264,bframes_cqp,True,d1,True,395223,393892,1512.54528,43.00554828926614,21.0,24.0,24.0,1,17,32,50,1,1,1,0,,0,1,3005,1.149106388379751,1.8296138694995203,15.726083964211975,0.04783748361730013,0.01017775229357798,99.88414192614047,0.05814627081824765,0.4763387297633873,0.027697320782041998,1606,765,27620,2.0,0.03968139029688631,0.0,0.05075248900208382,21595,8,8,0,1096,0.00037045612410280157,1.0,716,0.025923244026068066,380,0.013758146270818247,0,0.0,0,0.0,0.13195240825688073,x264_crf12,3682,27904,0.13195240825688073,x264_crf12,3682,27904
x264_qp24_bf2_pb1,ambush_5,libx264,bframes_cqp,True,B_naive,True,523841,522510,2006.4384,44.54655505658716,21.0,24.0,24.0,1,17,32,50,1,1,1,0,,0,32,85856,7.004302045598525,14.793084271069697,67.2411987685606,0.09158879215877268,0.13287745484518354,87.04509233117821,0.11340112982675474,0.8757345906792401,0.09930929201139642,87804,76893,774278,0.5,0.06155153575330825,0.002871061815007013,0.4911524945121763,97033,4726,2503,2223,47658,0.025795347974400463,0.5296233601354211,25687,0.033175422780964976,11322,0.01462265491206001,7957,0.010276670653176249,2692,0.003476787407107008,0.11591976060779817,x264_crf12,103508,892928,0.11591976060779817,x264_crf12,103508,892928
x264_qp24_bf2_pb1,ambush_5,libx264,bframes_cqp,True,B_naive,True,523841,522510,2006.4384,44.54655505658716,21.0,24.0,24.0,1,17,32,50,1,1,1,0,,0,32,85856,7.004302045598525,14.793084271069697,67.2411987685606,0.09158879215877268,0.13287745484518354,87.04509233117821,0.11340112982675474,0.8757345906792401,0.09930929201139642,87804,76893,774278,1.0,0.06614420143669328,0.0020832310875422005,0.4931488382394007,103851,4726,3113,1613,51214,0.029975638173922254,0.6586965721540414,28005,0.03616917954533126,11521,0.01487966854282312,8950,0.011559155755426346,2738,0.0035361975931125513,0.11982825043004587,x264_crf12,106998,892928,0.11982825043004587,x264_crf12,106998,892928
x264_qp24_bf2_pb1,ambush_5,libx264,bframes_cqp,True,B_naive,True,523841,522510,2006.4384,44.54655505658716,21.0,24.0,24.0,1,17,32,50,1,1,1,0,,0,32,85856,7.004302045598525,14.793084271069697,67.2411987685606,0.09158879215877268,0.13287745484518354,87.04509233117821,0.11340112982675474,0.8757345906792401,0.09930929201139642,87804,76893,774278,2.0,0.07888639480909958,0.0012695698444228042,0.45921704546308895,133009,4726,3743,983,61080,0.02814095286785105,0.7920016927634363,34501,0.04455893102994015,12995,0.01678337754656596,10748,0.013881319112773448,2836,0.003662767119820013,0.13855988388761467,x264_crf12,123724,892928,0.13855988388761467,x264_crf12,123724,892928
x264_qp24_bf2_pb1,ambush_5,libx264,bframes_cqp,True,B_scaled,True,523841,522510,2006.4384,44.54655505658716,21.0,24.0,24.0,1,17,32,50,1,1,1,0,,0,32,85856,2.228711827284861,6.768026465652986,43.780183878196404,0.09158879215877268,0.13287745484518354,87.04509233117821,0.11340112982675474,0.8757345906792401,0.09930929201139642,87804,76893,774278,0.5,0.06389436352317901,0.0027948617938259902,0.4981071284736206,99320,4726,2562,2164,49472,0.025795408779701972,0.5421074904782057,27231,0.03516953858949886,11358,0.01466914984023826,8191,0.010578887686334882,2692,0.003476787407107008,0.11831413059059633,x264_crf12,105646,892928,0.11831413059059633,x264_crf12,105646,892928
x264_qp24_bf2_pb1,ambush_5,libx264,bframes_cqp,True,B_scaled,True,523841,522510,2006.4384,44.54655505658716,21.0,24.0,24.0,1,17,32,50,1,1,1,0,,0,32,85856,2.228711827284861,6.768026465652986,43.780183878196404,0.09158879215877268,0.13287745484518354,87.04509233117821,0.11340112982675474,0.8757345906792401,0.09930929201139642,87804,76893,774278,1.0,0.0692671107793325,0.0018003869411245058,0.48721372832238663,110079,4726,3332,1394,53632,0.030269170323131568,0.7050359712230215,29262,0.03779262745422187,11902,0.015371739866042946,9713,0.012544589927648725,2755,0.0035581535314189476,0.1254838016055046,x264_crf12,112048,892928,0.1254838016055046,x264_crf12,112048,892928
x264_qp24_bf2_pb1,ambush_5,libx264,bframes_cqp,True,B_scaled,True,523841,522510,2006.4384,44.54655505658716,21.0,24.0,24.0,1,17,32,50,1,1,1,0,,0,32,85856,2.228711827284861,6.768026465652986,43.780183878196404,0.09158879215877268,0.13287745484518354,87.04509233117821,0.11340112982675474,0.8757345906792401,0.09930929201139642,87804,76893,774278,2.0,0.08768814301839907,0.0008808205838213148,0.4575103941348104,148401,4726,4044,682,67895,0.027250490225807104,0.8556919170545916,39572,0.05110825827415993,13997,0.01807748638086062,11379,0.014696271881675573,2947,0.0038061264817029544,0.1435121308772936,x264_crf12,128146,892928,0.1435121308772936,x264_crf12,128146,892928
x264_qp24_bf2_pb1,ambush_5,libx264,bframes_cqp,True,dgt1_naive,True,523841,522510,2006.4384,44.54655505658716,21.0,24.0,24.0,1,17,32,50,1,1,1,0,,0,16,18038,9.830948030975733,13.730794404038125,90.08841221929656,0.03181479025037307,0.13409815797018354,48.05325483582259,0.0179413027620708,0.8391003460207612,0.01505455335571685,6936,5820,386594,0.5,0.010326078521653207,0.005121652172563464,0.5210127903941529,7662,2273,293,1980,3992,0.03824066823283738,0.12890453145622524,2899,0.007498823054677517,493,0.0012752396571079738,552,0.0014278545450782992,48,0.00012416126478941733,0.02652397505733945,x264_crf12,11842,446464,0.02652397505733945,x264_crf12,11842,446464
x264_qp24_bf2_pb1,ambush_5,libx264,bframes_cqp,True,dgt1_naive,True,523841,522510,2006.4384,44.54655505658716,21.0,24.0,24.0,1,17,32,50,1,1,1,0,,0,16,18038,9.830948030975733,13.730794404038125,90.08841221929656,0.03181479025037307,0.13409815797018354,48.05325483582259,0.0179413027620708,0.8391003460207612,0.01505455335571685,6936,5820,386594,1.0,0.01155475770446515,0.005119065479547018,0.5151654941759889,8671,2273,294,1979,4467,0.03390612386114635,0.1293444786625605,3183,0.008233443871348237,651,0.0016839371537064724,568,0.0014692416333414384,65,0.00016813504606900262,0.035460865825688075,x264_crf12,15832,446464,0.035460865825688075,x264_crf12,15832,446464
x264_qp24_bf2_pb1,ambush_5,libx264,bframes_cqp,True,dgt1_naive,True,523841,522510,2006.4384,44.54655505658716,21.0,24.0,24.0,1,17,32,50,1,1,1,0,,0,16,18038,9.830948030975733,13.730794404038125,90.08841221929656,0.03181479025037307,0.13409815797018354,48.05325483582259,0.0179413027620708,0.8391003460207612,0.01505455335571685,6936,5820,386594,2.0,0.015429623843101549,0.004676740973734719,0.4794630656699622,12441,2273,465,1808,5965,0.03737641668676151,0.2045754509458865,4082,0.010558880893133366,1045,0.002703094202186273,709,0.0018339653486603518,129,0.00033368339912155903,0.06882525802752294,x264_crf12,30728,446464,0.06882525802752294,x264_crf12,30728,446464
x264_qp24_bf2_pb1,ambush_5,libx264,bframes_cqp,True,dgt1_scaled,True,523841,522510,2006.4384,44.54655505658716,21.0,24.0,24.0,1,17,32,50,1,1,1,0,,0,16,18038,2.0817947529406906,4.476102660987272,41.442425020872136,0.03181479025037307,0.13409815797018354,48.05325483582259,0.0179413027620708,0.8391003460207612,0.01505455335571685,6936,5820,386594,0.5,0.013631872196671443,0.004694847824849842,0.49018695935261836,10751,2273,458,1815,5270,0.04260068830806436,0.2014958205015398,3744,0.009684578653574551,749,0.0019374330693181995,664,0.001717564162920273,113,0.00029229631085841995,0.031841313073394495,x264_crf12,14216,446464,0.031841313073394495,x264_crf12,14216,446464
x264_qp24_bf2_pb1,ambush_5,libx264,bframes_cqp,True,dgt1_scaled,True,523841,522510,2006.4384,44.54655505658716,21.0,24.0,24.0,1,17,32,50,1,1,1,0,,0,16,18038,2.0817947529406906,4.476102660987272,41.442425020872136,0.03181479025037307,0.13409815797018354,48.05325483582259,0.0179413027620708,0.8391003460207612,0.01505455335571685,6936,5820,386594,1.0,0.021821342286740094,0.0039084931478502,0.47796033994334275,17650,2273,762,1511,8436,0.0431728045325779,0.3352397712274527,5739,0.014845031221384709,1581,0.004089561659001433,803,0.002077114492206294,313,0.0008096349141476588,0.04743943520642202,x264_crf12,21180,446464,0.04743943520642202,x264_crf12,21180,446464
x264_qp24_bf2_pb1,ambush_5,libx264,bframes_cqp,True,dgt1_scaled,True,523841,522510,2006.4384,44.54655505658716,21.0,24.0,24.0,1,17,32,50,1,1,1,0,,0,16,18038,2.0817947529406906,4.476102660987272,41.442425020872136,0.03181479025037307,0.13409815797018354,48.05325483582259,0.0179413027620708,0.8391003460207612,0.01505455335571685,6936,5820,386594,2.0,0.04663807508652488,0.003186805796261711,0.46261610304305434,38974,2273,1041,1232,18030,0.026710114435264536,0.4579850417949846,12998,0.033621835827767635,3157,0.008166189852920636,1402,0.0036265436090575642,473,0.0012235057967790498,0.08263600200688073,x264_crf12,36894,446464,0.08263600200688073,x264_crf12,36894,446464
x264_qp24_bf2_pb1,ambush_5,libx264,bframes_cqp,True,d1,True,523841,522510,2006.4384,44.54655505658716,21.0,24.0,24.0,1,17,32,50,1,1,1,0,,0,1,1108,53.101183775510655,45.859455809171905,88.59522085445329,0.24945652173913044,0.2498924885321101,46.93039033013234,0.08298695714490469,1.0,0.08298695714490469,1737,1737,20931,0.5,0.08604462280827481,0.0,1.0,1801,0,0,0,1801,0.0,,0,0.0,0,0.0,12,0.0005733123118818977,1789,0.08547131049639291,0.09539850917431193,x264_crf12,2662,27904,0.09539850917431193,x264_crf12,2662,27904
x264_qp24_bf2_pb1,ambush_5,libx264,bframes_cqp,True,d1,True,523841,522510,2006.4384,44.54655505658716,21.0,24.0,24.0,1,17,32,50,1,1,1,0,,0,1,1108,53.101183775510655,45.859455809171905,88.59522085445329,0.24945652173913044,0.2498924885321101,46.93039033013234,0.08298695714490469,1.0,0.08298695714490469,1737,1737,20931,1.0,0.09693755673403086,0.0,1.0,2029,0,0,0,2029,0.0,,0,0.0,0,0.0,16,0.0007644164158425302,2013,0.09617314031818833,0.09826548165137615,x264_crf12,2742,27904,0.09826548165137615,x264_crf12,2742,27904
x264_qp24_bf2_pb1,ambush_5,libx264,bframes_cqp,True,d1,True,523841,522510,2006.4384,44.54655505658716,21.0,24.0,24.0,1,17,32,50,1,1,1,0,,0,1,1108,53.101183775510655,45.859455809171905,88.59522085445329,0.24945652173913044,0.2498924885321101,46.93039033013234,0.08298695714490469,1.0,0.08298695714490469,1737,1737,20931,2.0,0.10649276193206249,0.0,1.0,2229,0,0,0,2229,0.0,,0,0.0,0,0.0,16,0.0007644164158425302,2213,0.10572834551621996,0.09855217889908256,x264_crf12,2750,27904,0.09855217889908256,x264_crf12,2750,27904
x264_qp24_bf2_pb1,ambush_7,libx264,bframes_cqp,True,B_naive,True,290643,289312,1110.95808,45.29178669274463,21.0,24.0,24.0,1,17,32,50,1,1,1,0,,0,32,102773,0.26784283245782237,5.082770710503793,19.685828116107,0.04826390769730784,0.02496281895068808,96.50187563602783,0.5096492457255484,0.03126521229604255,0.015934291864127228,443720,13873,870638,0.5,0.012420776488046696,0.23267879417163045,0.021817947046991106,495647,681651,479072,202579,10814,0.9665588614477643,0.7028112626549363,6984,0.008021703624238777,2305,0.0026474837992368815,687,0.0007890765163018384,838,0.0009625125482692003,0.3742630984805046,x264_crf12,334190,892928,0.3742630984805046,x264_crf12,334190,892928
x264_qp24_bf2_pb1,ambush_7,libx264,bframes_cqp,True,B_naive,True,290643,289312,1110.95808,45.29178669274463,21.0,24.0,24.0,1,17,32,50,1,1,1,0,,0,32,102773,0.26784283245782237,5.082770710503793,19.685828116107,0.04826390769730784,0.02496281895068808,96.50187563602783,0.5096492457255484,0.03126521229604255,0.015934291864127228,443720,13873,870638,1.0,0.012941084583948782,0.18312662668066407,0.020850103908168497,540381,681651,522214,159437,11267,0.9663811273897491,0.7661017148071374,7337,0.008427153420824729,2402,0.002758896349573531,689,0.0007913736822881611,839,0.0009636611312623616,0.3397586367545872,x264_crf12,303380,892928,0.3397586367545872,x264_crf12,303380,892928
x264_qp24_bf2_pb1,ambush_7,libx264,bframes_cqp,True,B_naive,True,290643,289312,1110.95808,45.29178669274463,21.0,24.0,24.0,1,17,32,50,1,1,1,0,,0,32,102773,0.26784283245782237,5.082770710503793,19.685828116107,0.04826390769730784,0.02496281895068808,96.50187563602783,0.5096492457255484,0.03126521229604255,0.015934291864127228,443720,13873,870638,2.0,0.01617664287568427,0.1321329875332802,0.023827247381100616,591088,681651,566611,115040,14084,0.9585899223127521,0.8312332850681654,9948,0.011426103615968979,2555,0.0029346295475272156,718,0.0008246825890898398,863,0.0009912271230982338,0.26968579773509177,x264_crf12,240810,892928,0.26968579773509177,x264_crf12,240810,892928
x264_qp24_bf2_pb1,ambush_7,libx264,bframes_cqp,True,B_scaled,True,290643,289312,1110.95808,45.29178669274463,21.0,24.0,24.0,1,17,32,50,1,1,1,0,,0,32,102773,0.25691174970476377,2.1305313337429452,13.221969265793968,0.04826390769730784,0.02496281895068808,96.50187563602783,0.5096492457255484,0.03126521229604255,0.015934291864127228,443720,13873,870638,0.5,0.01259536110300722,0.2092947930138588,0.021233996080830927,516436,681651,499431,182220,10966,0.9670723961923646,0.7326784527566159,7122,0.008180208077295041,2318,0.0026624153781479786,687,0.0007890765163018384,839,0.0009636611312623616,0.36724573537844035,x264_crf12,327924,892928,0.36724573537844035,x264_crf12,327924,892928
x264_qp24_bf2_pb1,ambush_7,libx264,bframes_cqp,True,B_scaled,True,290643,289312,1110.95808,45.29178669274463,21.0,24.0,24.0,1,17,32,50,1,1,1,0,,0,32,102773,0.25691174970476377,2.1305313337429452,13.221969265793968,0.04826390769730784,0.02496281895068808,96.50187563602783,0.5096492457255484,0.03126521229604255,0.015934291864127228,443720,13873,870638,1.0,0.013370654623391123,0.15536192998697507,0.02059865447840689,565134,681651,546387,135264,11641,0.9668273365254966,0.8015641435279931,7694,0.008837197549383325,2403,0.0027600449325666924,699,0.0008028595122197745,845,0.0009705526292213296,0.34028723480504586,x264_crf12,303852,892928,0.34028723480504586,x264_crf12,303852,892928
x264_qp24_bf2_pb1,ambush_7,libx264,bframes_cqp,True,B_scaled,True,290643,289312,1110.95808,45.29178669274463,21.0,24.0,24.0,1,17,32,50,1,1,1,0,,0,32,102773,0.25691174970476377,2.1305313337429452,13.221969265793968,0.04826390769730784,0.02496281895068808,96.50187563602783,0.5096492457255484,0.03126521229604255,0.015934291864127228,443720,13873,870638,2.0,0.017078280525315917,0.11837985477316634,0.024598001588141873,604480,681651,578585,103066,14869,0.9571615272631022,0.8487994589606704,10703,0.012293283775805788,2571,0.002953006875417797,722,0.0008292769210624852,873,0.001002712953029847,0.27014496129587157,x264_crf12,241220,892928,0.27014496129587157,x264_crf12,241220,892928
x264_qp24_bf2_pb1,ambush_7,libx264,bframes_cqp,True,dgt1_naive,True,290643,289312,1110.95808,45.29178669274463,21.0,24.0,24.0,1,17,32,50,1,1,1,0,,0,16,25846,2.0925828823182377,7.856044814158991,43.84843492586491,0.03902173362379047,0.023085847907110102,70.06536637036663,0.05422817930240716,0.007102993404363267,0.00038518239991562674,23652,168,436157,0.5,0.0003920606570569772,0.6873052593446856,0.0034750447081775323,49208,348792,49019,299773,171,0.9961591611120143,0.1405393472327347,91,0.00020864046662096448,72,0.00016507817139241145,0,0.0,8,1.8342019043601272e-05,0.23142739392201836,x264_crf12,103324,446464,0.23142739392201836,x264_crf12,103324,446464
x264_qp24_bf2_pb1,ambush_7,libx264,bframes_cqp,True,dgt1_naive,True,290643,289312,1110.95808,45.29178669274463,21.0,24.0,24.0,1,17,32,50,1,1,1,0,,0,16,25846,2.0925828823182377,7.856044814158991,43.84843492586491,0.03902173362379047,0.023085847907110102,70.06536637036663,0.05422817930240716,0.007102993404363267,0.00038518239991562674,23652,168,436157,1.0,0.0005823591046343404,0.5740822685409153,0.002572230042431669,98747,348792,98402,250390,254,0.9965062229738625,0.28212229638294456,174,0.00039893891419832766,72,0.00016507817139241145,0,0.0,8,1.8342019043601272e-05,0.19627114392201836,x264_crf12,87628,446464,0.19627114392201836,x264_crf12,87628,446464
x264_qp24_bf2_pb1,ambush_7,libx264,bframes_cqp,True,dgt1_naive,True,290643,289312,1110.95808,45.29178669274463,21.0,24.0,24.0,1,17,32,50,1,1,1,0,,0,16,25846,2.0925828823182377,7.856044814158991,43.84843492586491,0.03902173362379047,0.023085847907110102,70.06536637036663,0.05422817930240716,0.007102993404363267,0.00038518239991562674,23652,168,436157,2.0,0.001054666095007073,0.4667080890596735,0.003151224524747388,145975,348792,145234,203558,460,0.9949237883199178,0.41639143099612375,351,0.0008047560855380058,97,0.00022239698090366543,0,0.0,12,2.7513028565401908e-05,0.21059704701834864,x264_crf12,94024,446464,0.21059704701834864,x264_crf12,94024,446464
x264_qp24_bf2_pb1,ambush_7,libx264,bframes_cqp,True,dgt1_scaled,True,290643,289312,1110.95808,45.29178669274463,21.0,24.0,24.0,1,17,32,50,1,1,1,0,,0,16,25846,0.6606839282134839,2.149818401788486,15.657331136738057,0.03902173362379047,0.023085847907110102,70.06536637036663,0.05422817930240716,0.007102993404363267,0.00038518239991562674,23652,168,436157,0.5,0.0008597821426688096,0.4932214775871991,0.0027935041716328963,134240,348792,133670,215122,375,0.995753873659118,0.3832370008486433,266,0.0006098721331997423,97,0.00022239698090366543,0,0.0,12,2.7513028565401908e-05,0.17883188790137614,x264_crf12,79842,446464,0.17883188790137614,x264_crf12,79842,446464
x264_qp24_bf2_pb1,ambush_7,libx264,bframes_cqp,True,dgt1_scaled,True,290643,289312,1110.95808,45.29178669274463,21.0,24.0,24.0,1,17,32,50,1,1,1,0,,0,16,25846,0.6606839282134839,2.149818401788486,15.657331136738057,0.03902173362379047,0.023085847907110102,70.06536637036663,0.05422817930240716,0.007102993404363267,0.00038518239991562674,23652,168,436157,1.0,0.001614097675836912,0.4141169349569077,0.004154764996104908,169444,348792,168172,180620,704,0.9924930950638559,0.4821555540264685,587,0.0013458456473242433,105,0.0002407389999472667,0,0.0,12,2.7513028565401908e-05,0.18604859518348624,x264_crf12,83064,446464,0.18604859518348624,x264_crf12,83064,446464
x264_qp24_bf2_pb1,ambush_7,libx264,bframes_cqp,True,dgt1_scaled,True,290643,289312,1110.95808,45.29178669274463,21.0,24.0,24.0,1,17,32,50,1,1,1,0,,0,16,25846,0.6606839282134839,2.149818401788486,15.657331136738057,0.03902173362379047,0.023085847907110102,70.06536637036663,0.05422817930240716,0.007102993404363267,0.00038518239991562674,23652,168,436157,2.0,0.0049385886274896425,0.3361495975073196,0.010472171444128972,205688,348792,202178,146614,2154,0.9829353195130489,0.579652056239822,1934,0.004434183103790608,208,0.00047689249513363307,0,0.0,12,2.7513028565401908e-05,0.17973229644495411,x264_crf12,80244,446464,0.17973229644495411,x264_crf12,80244,446464
x264_qp24_bf2_pb1,ambush_7,libx264,bframes_cqp,True,d1,True,290643,289312,1110.95808,45.29178669274463,21.0,24.0,24.0,1,17,32,50,1,1,1,0,,0,1,1819,1.756108852099775,2.6945808834808873,32.72161741835148,0.028700906344410877,0.0,92.83256880733946,0.12041284403669725,0.0,0.0,3360,0,27904,0.5,0.0,0.8414564220183486,0.0,4424,27904,4424,23480,0,1.0,0.15854357798165136,0,0.0,0,0.0,0,0.0,0,0.0,0.24032396788990826,x264_crf12,6706,27904,0.24032396788990826,x264_crf12,6706,27904
x264_qp24_bf2_pb1,ambush_7,libx264,bframes_cqp,True,d1,True,290643,289312,1110.95808,45.29178669274463,21.0,24.0,24.0,1,17,32,50,1,1,1,0,,0,1,1819,1.756108852099775,2.6945808834808873,32.72161741835148,0.028700906344410877,0.0,92.83256880733946,0.12041284403669725,0.0,0.0,3360,0,27904,1.0,0.0,0.7709288990825688,0.0,6392,27904,6392,21512,0,1.0,0.2290711009174312,0,0.0,0,0.0,0,0.0,0,0.0,0.29515481651376146,x264_crf12,8236,27904,0.29515481651376146,x264_crf12,8236,27904
x264_qp24_bf2_pb1,ambush_7,libx264,bframes_cqp,True,d1,True,290643,289312,1110.95808,45.29178669274463,21.0,24.0,24.0,1,17,32,50,1,1,1,0,,0,1,1819,1.756108852099775,2.6945808834808873,32.72161741835148,0.028700906344410877,0.0,92.83256880733946,0.12041284403669725,0.0,0.0,3360,0,27904,2.0,0.0,0.4978497706422018,0.0,14012,27904,14012,13892,0,1.0,0.5021502293577982,0,0.0,0,0.0,0,0.0,0,0.0,0.2960865825688073,x264_crf12,8262,27904,0.2960865825688073,x264_crf12,8262,27904
x264_qp24_bf2_pb1,bandage_2,libx264,bframes_cqp,True,B_naive,True,696038,694707,2667.67488,42.94022046148829,21.0,24.0,24.0,1,17,32,50,1,1,1,0,,0,32,135389,0.16639164215310134,2.7539216486514304,23.38666098577352,0.02952892887037728,0.02143061926605505,98.86197172782539,0.5438754303083572,0.08927391558684775,0.04855388925510877,475234,42426,873792,0.5,0.03713240679704094,0.04261082729070534,0.06548397513522242,495480,479533,442300,37233,32446,0.8926697343989667,0.9223557085748009,28242,0.03232119314436387,3878,0.004438127151541786,299,0.000342186698894016,27,3.089980224126566e-05,0.11092047735091744,x264_crf12,99044,892928,0.11092047735091744,x264_crf12,99044,892928
x264_qp24_bf2_pb1,bandage_2,libx264,bframes_cqp,True,B_naive,True,696038,694707,2667.67488,42.94022046148829,21.0,24.0,24.0,1,17,32,50,1,1,1,0,,0,32,135389,0.16639164215310134,2.7539216486514304,23.38666098577352,0.02952892887037728,0.02143061926605505,98.86197172782539,0.5438754303083572,0.08927391558684775,0.04855388925510877,475234,42426,873792,1.0,0.03895892844063576,0.030681214751336703,0.06486130137965068,524843,479533,452724,26809,34042,0.8625893838728915,0.9440935243247076,29789,0.034091637369076395,3924,0.004490771259063942,302,0.0003456200102541566,27,3.089980224126566e-05,0.11408982583142202,x264_crf12,101874,892928,0.11408982583142202,x264_crf12,101874,892928
x264_qp24_bf2_pb1,bandage_2,libx264,bframes_cqp,True,B_naive,True,696038,694707,2667.67488,42.94022046148829,21.0,24.0,24.0,1,17,32,50,1,1,1,0,,0,32,135389,0.16639164215310134,2.7539216486514304,23.38666098577352,0.02952892887037728,0.02143061926605505,98.86197172782539,0.5438754303083572,0.08927391558684775,0.04855388925510877,475234,42426,873792,2.0,0.044390427012378234,0.019064033545740863,0.06509287834774043,595887,479533,462875,16658,38788,0.7767831820462604,0.9652620361893759,34405,0.039374359115212774,4026,0.004607503845308723,330,0.00037766424961546913,27,3.089980224126566e-05,0.11479536983944955,x264_crf12,102504,892928,0.11479536983944955,x264_crf12,102504,892928
x264_qp24_bf2_pb1,bandage_2,libx264,bframes_cqp,True,B_scaled,True,696038,694707,2667.67488,42.94022046148829,21.0,24.0,24.0,1,17,32,50,1,1,1,0,,0,32,135389,0.1270864359519366,0.8077515753096774,7.4475989566554786,0.02952892887037728,0.02143061926605505,98.86197172782539,0.5438754303083572,0.08927391558684775,0.04855388925510877,475234,42426,873792,0.5,0.03790261297883249,0.037583315022339414,0.06593601306018436,502290,479533,446693,32840,33119,0.8893129467040952,0.9315167047940393,28900,0.03307423276935472,3890,0.004451860396982348,302,0.0003456200102541566,27,3.089980224126566e-05,0.11113774010894495,x264_crf12,99238,892928,0.11113774010894495,x264_crf12,99238,892928
x264_qp24_bf2_pb1,bandage_2,libx264,bframes_cqp,True,B_scaled,True,696038,694707,2667.67488,42.94022046148829,21.0,24.0,24.0,1,17,32,50,1,1,1,0,,0,32,135389,0.1270864359519366,0.8077515753096774,7.4475989566554786,0.02952892887037728,0.02143061926605505,98.86197172782539,0.5438754303083572,0.08927391558684775,0.04855388925510877,475234,42426,873792,1.0,0.0397119680656266,0.025387048633999855,0.06394839898640867,542625,479533,457350,22183,34700,0.8428472702142363,0.9537404099405046,30437,0.03483323262286677,3934,0.0045022156302644105,302,0.0003456200102541566,27,3.089980224126566e-05,0.10911070097477064,x264_crf12,97428,892928,0.10911070097477064,x264_crf12,97428,892928
x264_qp24_bf2_pb1,bandage_2,libx264,bframes_cqp,True,B_scaled,True,696038,694707,2667.67488,42.94022046148829,21.0,24.0,24.0,1,17,32,50,1,1,1,0,,0,32,135389,0.1270864359519366,0.8077515753096774,7.4475989566554786,0.02952892887037728,0.02143061926605505,98.86197172782539,0.5438754303083572,0.08927391558684775,0.04855388925510877,475234,42426,873792,2.0,0.04796679301252472,0.015473934300153813,0.06610163878063743,634069,479533,466012,13521,41913,0.7349547131305899,0.9718038174640744,37407,0.042809959349593495,4108,0.004701347689152567,359,0.0004108529260968285,39,4.463304768182817e-05,0.08515580203555045,x264_crf12,76038,892928,0.08515580203555045,x264_crf12,76038,892928
x264_qp24_bf2_pb1,bandage_2,libx264,bframes_cqp,True,dgt1_naive,True,696038,694707,2667.67488,42.94022046148829,21.0,24.0,24.0,1,17,32,50,1,1,1,0,,0,16,39134,0.6000217233496749,3.3400792646980366,31.227816756087496,0.014760297645671532,0.020872903526376163,88.39767125324549,0.3773965160301502,0.005794747146571947,0.002186917384391907,164977,956,437145,0.5,0.0018323439590982398,0.141865971245239,0.004465181617499498,179388,238981,176965,62016,801,0.9864929649697861,0.7404981986015625,797,0.0018231936771551773,4,9.150281943062371e-06,0,0.0,0,0.0,0.10664241685779817,x264_crf12,47612,446464,0.10664241685779817,x264_crf12,47612,446464
x264_qp24_bf2_pb1,bandage_2,libx264,bframes_cqp,True,dgt1_naive,True,696038,694707,2667.67488,42.94022046148829,21.0,24.0,24.0,1,17,32,50,1,1,1,0,,0,16,39134,0.6000217233496749,3.3400792646980366,31.227816756087496,0.014760297645671532,0.020872903526376163,88.39767125324549,0.3773965160301502,0.005794747146571947,0.002186917384391907,164977,956,437145,1.0,0.0021754795319630787,0.08860904276613023,0.0046702352305652405,203630,238981,200246,38735,951,0.9833816235328783,0.8379159849527786,930,0.002127440551762001,21,4.803898020107745e-05,0,0.0,0,0.0,0.10877920728211009,x264_crf12,48566,446464,0.10877920728211009,x264_crf12,48566,446464
x264_qp24_bf2_pb1,bandage_2,libx264,bframes_cqp,True,dgt1_naive,True,696038,694707,2667.67488,42.94022046148829,21.0,24.0,24.0,1,17,32,50,1,1,1,0,,0,16,39134,0.6000217233496749,3.3400792646980366,31.227816756087496,0.014760297645671532,0.020872903526376163,88.39767125324549,0.3773965160301502,0.005794747146571947,0.002186917384391907,164977,956,437145,2.0,0.003774491301513228,0.05315856294822084,0.007311139961804832,225683,238981,215743,23238,1650,0.9559559204725212,0.9027621442708834,1619,0.0037035766164544943,31,7.091468505873337e-05,0,0.0,0,0.0,0.17458518491972477,x264_crf12,77946,446464,0.17458518491972477,x264_crf12,77946,446464
x264_qp24_bf2_pb1,bandage_2,libx264,bframes_cqp,True,dgt1_scaled,True,696038,694707,2667.67488,42.94022046148829,21.0,24.0,24.0,1,17,32,50,1,1,1,0,,0,16,39134,0.11268566049111309,0.5947555552905348,4.089971110193975,0.014760297645671532,0.020872903526376163,88.39767125324549,0.3773965160301502,0.005794747146571947,0.002186917384391907,164977,956,437145,0.5,0.0031797229752141736,0.061316039300460944,0.006354460008045935,218744,238981,212177,26804,1390,0.9699786051274549,0.8878404559358275,1359,0.0031088082901554403,31,7.091468505873337e-05,0,0.0,0,0.0,0.06082013331422018,x264_crf12,27154,446464,0.06082013331422018,x264_crf12,27154,446464
x264_qp24_bf2_pb1,bandage_2,libx264,bframes_cqp,True,dgt1_scaled,True,696038,694707,2667.67488,42.94022046148829,21.0,24.0,24.0,1,17,32,50,1,1,1,0,,0,16,39134,0.11268566049111309,0.5947555552905348,4.089971110193975,0.014760297645671532,0.020872903526376163,88.39767125324549,0.3773965160301502,0.005794747146571947,0.002186917384391907,164977,956,437145,1.0,0.006151277036223679,0.04407462054924567,0.01103088977314682,243770,238981,219714,19267,2689,0.9013168150305616,0.9193785280001339,2627,0.006009447666106212,58,0.00013267908817440438,4,9.150281943062371e-06,0,0.0,0.07158471903669725,x264_crf12,31960,446464,0.07158471903669725,x264_crf12,31960,446464
x264_qp24_bf2_pb1,bandage_2,libx264,bframes_cqp,True,dgt1_scaled,True,696038,694707,2667.67488,42.94022046148829,21.0,24.0,24.0,1,17,32,50,1,1,1,0,,0,16,39134,0.11268566049111309,0.5947555552905348,4.089971110193975,0.014760297645671532,0.020872903526376163,88.39767125324549,0.3773965160301502,0.005794747146571947,0.002186917384391907,164977,956,437145,2.0,0.015333584966086767,0.03276029692664905,0.023037926827172588,290955,238981,224660,14321,6703,0.7721468955680432,0.9400747339746675,6529,0.014935547701563554,162,0.000370586418694026,12,2.7450845829187113e-05,0,0.0,0.06683629587155963,x264_crf12,29840,446464,0.06683629587155963,x264_crf12,29840,446464
x264_qp24_bf2_pb1,bandage_2,libx264,bframes_cqp,True,d1,True,696038,694707,2667.67488,42.94022046148829,21.0,24.0,24.0,1,17,32,50,1,1,1,0,,0,1,3203,0.20554412715692225,2.629409996203373,23.76412429378531,0.029250457038391225,0.004622993119266061,99.3987398739874,0.5319891989198919,0.06334596643205198,0.0336993699369937,14776,936,27775,0.5,0.008892889288928892,0.16565256525652566,0.015217793111946275,16231,19369,14768,4601,247,0.909863840798472,0.7624554700810574,247,0.008892889288928892,0,0.0,0,0.0,0,0.0,0.1730934633027523,x264_crf12,4830,27904,0.1730934633027523,x264_crf12,4830,27904
x264_qp24_bf2_pb1,bandage_2,libx264,bframes_cqp,True,d1,True,696038,694707,2667.67488,42.94022046148829,21.0,24.0,24.0,1,17,32,50,1,1,1,0,,0,1,3203,0.20554412715692225,2.629409996203373,23.76412429378531,0.029250457038391225,0.004622993119266061,99.3987398739874,0.5319891989198919,0.06334596643205198,0.0336993699369937,14776,936,27775,1.0,0.009756975697569756,0.09396939693969397,0.013927433446397368,19458,19369,16759,2610,271,0.8612909857128174,0.8652485931127059,271,0.009756975697569756,0,0.0,0,0.0,0,0.0,0.1666427752293578,x264_crf12,4650,27904,0.1666427752293578,x264_crf12,4650,27904
x264_qp24_bf2_pb1,bandage_2,libx264,bframes_cqp,True,d1,True,696038,694707,2667.67488,42.94022046148829,21.0,24.0,24.0,1,17,32,50,1,1,1,0,,0,1,3203,0.20554412715692225,2.629409996203373,23.76412429378531,0.029250457038391225,0.004622993119266061,99.3987398739874,0.5319891989198919,0.06334596643205198,0.0336993699369937,14776,936,27775,2.0,0.010405040504050405,0.0754995499549955,0.013783564649210664,20967,19369,17272,2097,289,0.8237706872704726,0.8917342144664154,289,0.010405040504050405,0,0.0,0,0.0,0,0.0,0.18176605504587157,x264_crf12,5072,27904,0.18176605504587157,x264_crf12,5072,27904
nvenc_qp18,alley_1,h264_nvenc,nvenc_qp,False,d1,True,1009948,1008899,3874.17216,46.89378721930036,14.0,18.0,,1,49,0,50,1,1,,,,0,49,143114,0.21687422482871951,0.5793110937673476,3.234391930044104,0.03338820835988576,0.01827841228234417,97.68770710658688,0.0024845340548787756,0.6026986506746627,0.0014974253224306862,3335,2010,1342304,0.5,0.00031587479438338856,0.0011808055403246954,0.05125725338491296,8272,2272,687,1585,424,0.08305125725338491,0.3023767605633803,418,0.0003114048680477746,6,4.469926335613989e-06,0,0.0,0,0.0,0.0073502738251263805,x264_crf12,10050,1367296,0.0,nvenc_qp18,0,0
nvenc_qp18,alley_1,h264_nvenc,nvenc_qp,False,d1,True,1009948,1008899,3874.17216,46.89378721930036,14.0,18.0,,1,49,0,50,1,1,,,,0,49,143114,0.21687422482871951,0.5793110937673476,3.234391930044104,0.03338820835988576,0.01827841228234417,97.68770710658688,0.0024845340548787756,0.6026986506746627,0.0014974253224306862,3335,2010,1342304,1.0,0.0007211481154790569,0.0006838987293489404,0.0105001681328575,92189,2272,1354,918,968,0.014687218648645717,0.5959507042253521,948,0.0007062483610270103,20,1.489975445204663e-05,0,0.0,0,0.0,0.07858283795169443,x264_crf12,107446,1367296,0.0,nvenc_qp18,0,0
nvenc_qp18,alley_1,h264_nvenc,nvenc_qp,False,d1,True,1009948,1008899,3874.17216,46.89378721930036,14.0,18.0,,1,49,0,50,1,1,,,,0,49,143114,0.21687422482871951,0.5793110937673476,3.234391930044104,0.03338820835988576,0.01827841228234417,97.68770710658688,0.0024845340548787756,0.6026986506746627,0.0014974253224306862,3335,2010,1342304,2.0,0.005122535580613631,0.00038217870169499605,0.007093691195404575,969312,2272,1759,513,6876,0.0018146891816050973,0.7742077464788732,6769,0.005042821894295182,107,7.971368631844947e-05,0,0.0,0,0.0,0.06780682456468826,x264_crf12,92712,1367296,0.0,nvenc_qp18,0,0
nvenc_qp18,ambush_5,h264_nvenc,nvenc_qp,False,d1,True,1190174,1189109,4566.178559999999,48.09174435221306,14.0,18.0,,1,49,0,50,1,1,,,,0,49,101224,0.8653582419315201,5.2398671464186055,31.66250666869903,0.0788725472989575,0.13566411369593712,70.95590381814905,0.02979430581915937,0.8241174632927211,0.024554007732253177,35211,29018,1181803,0.5,0.012207618359405079,0.003997282118931835,0.3629433962264151,39750,6999,2275,4724,14427,0.057232704402515724,0.3250464352050293,9894,0.008371953701251393,1511,0.0012785548860512286,2333,0.001974102282698555,689,0.0005830074894039024,0.029917442894589027,x264_crf12,40906,1367296,0.0,nvenc_qp18,0,0
nvenc_qp18,ambush_5,h264_nvenc,nvenc_qp,False,d1,True,1190174,1189109,4566.178559999999,48.09174435221306,14.0,18.0,,1,49,0,50,1,1,,,,0,49,101224,0.8653582419315201,5.2398671464186055,31.66250666869903,0.0788725472989575,0.13566411369593712,70.95590381814905,0.02979430581915937,0.8241174632927211,0.024554007732253177,35211,29018,1181803,1.0,0.013984564263248612,0.003413428464811817,0.3344937157198081,49409,6999,2965,4034,16527,0.060009310044728696,0.42363194742106014,11301,0.00956250745682656,1708,0.0014452493351260743,2699,0.002283798568796999,819,0.0006930089024989783,0.035646999625538286,x264_crf12,48740,1367296,0.0,nvenc_qp18,0,0
nvenc_qp18,ambush_5,h264_nvenc,nvenc_qp,False,d1,True,1190174,1189109,4566.178559999999,48.09174435221306,14.0,18.0,,1,49,0,50,1,1,,,,0,49,101224,0.8653582419315201,5.2398671464186055,31.66250666869903,0.0788725472989575,0.13566411369593712,70.95590381814905,0.02979430581915937,0.8241174632927211,0.024554007732253177,35211,29018,1181803,2.0,0.022184746527128464,0.0025164938657288903,0.2756684576319304,95107,6999,4025,2974,26218,0.04232075451859484,0.5750821545935133,19472,0.01647651935221014,2221,0.0018793318344935662,3354,0.0028380364578529586,1171,0.0009908588825717991,0.05082001263808276,x264_crf12,69486,1367296,0.0,nvenc_qp18,0,0
nvenc_qp18,ambush_7,h264_nvenc,nvenc_qp,False,d1,True,745947,744898,2860.40832,48.891728214954725,14.0,18.0,,1,49,0,50,1,1,,,,0,49,102157,0.41551779788747006,2.9879179714214703,19.154680748919827,0.04337203321331472,0.023840485161954694,78.56220765880546,0.20348483066219425,0.003085521979741597,0.0006278569175521972,271591,838,1334699,0.5,0.0006833001298420093,0.5023102587175086,0.0023422030577050007,389377,1058347,387914,670433,912,0.9962427159282649,0.36652818026601863,469,0.00035139008870164735,426,0.0003191730869656754,17,1.2736954174686577e-05,0,0.0,0.16582656571803034,x264_crf12,226734,1367296,0.0,nvenc_qp18,0,0
nvenc_qp18,ambush_7,h264_nvenc,nvenc_qp,False,d1,True,745947,744898,2860.40832,48.891728214954725,14.0,18.0,,1,49,0,50,1,1,,,,0,49,102157,0.41551779788747006,2.9879179714214703,19.154680748919827,0.04337203321331472,0.023840485161954694,78.56220765880546,0.20348483066219425,0.003085521979741597,0.0006278569175521972,271591,838,1334699,1.0,0.0009013268160087031,0.4387079034299119,0.0025290589504090013,475671,1058347,472804,585543,1203,0.993972724845534,0.44673816810554573,756,0.0005664198444742972,430,0.00032217001735971933,17,1.2736954174686577e-05,0,0.0,0.15345323909380265,x264_crf12,209816,1367296,0.0,nvenc_qp18,0,0
nvenc_qp18,ambush_7,h264_nvenc,nvenc_qp,False,d1,True,745947,744898,2860.40832,48.891728214954725,14.0,18.0,,1,49,0,50,1,1,,,,0,49,102157,0.41551779788747006,2.9879179714214703,19.154680748919827,0.04337203321331472,0.023840485161954694,78.56220765880546,0.20348483066219425,0.003085521979741597,0.0006278569175521972,271591,838,1334699,2.0,0.0028515792699327714,0.35926227561420215,0.006443890240536911,590637,1058347,578840,479507,3806,0.9800266491940058,0.5469283703737999,3325,0.0024911983900489923,446,0.0003341577389358949,26,1.9480047561285354e-05,9,6.743093386598776e-06,0.1464993680958622,x264_crf12,200308,1367296,0.0,nvenc_qp18,0,0
nvenc_qp18,bandage_2,h264_nvenc,nvenc_qp,False,d1,True,1396982,1395917,5360.32128,47.12705523746429,14.0,18.0,,1,49,0,50,1,1,,,,0,49,143980,0.11773734232795607,0.7045567821388118,5.528998623164864,0.02635019520894587,0.020905495225613135,96.33072684789559,0.432712936016111,0.007473095819278481,0.0032337052330897163,579278,4329,1338712,0.5,0.002287273140152624,0.06829176103598085,0.004646807709876515,658947,737883,646460,91423,3062,0.9810500692771953,0.8761009536742275,3041,0.0022715864203801863,19,1.4192746460777224e-05,2,1.4939733116607605e-06,0,0.0,0.05138170520501779,x264_crf12,70254,1367296,0.0,nvenc_qp18,0,0
nvenc_qp18,bandage_2,h264_nvenc,nvenc_qp,False,d1,True,1396982,1395917,5360.32128,47.12705523746429,14.0,18.0,,1,49,0,50,1,1,,,,0,49,143980,0.11773734232795607,0.7045567821388118,5.528998623164864,0.02635019520894587,0.020905495225613135,96.33072684789559,0.432712936016111,0.007473095819278481,0.0032337052330897163,579278,4329,1338712,1.0,0.003492909602662858,0.04262604652830482,0.006310212531088863,741021,737883,680819,57064,4676,0.9187580378963619,0.9226652463872999,4598,0.0034346446435080885,51,3.8096319447349394e-05,27,2.0168639707420266e-05,0,0.0,0.0474571709417712,x264_crf12,64888,1367296,0.0,nvenc_qp18,0,0
nvenc_qp18,bandage_2,h264_nvenc,nvenc_qp,False,d1,True,1396982,1395917,5360.32128,47.12705523746429,14.0,18.0,,1,49,0,50,1,1,,,,0,49,143980,0.11773734232795607,0.7045567821388118,5.528998623164864,0.02635019520894587,0.020905495225613135,96.33072684789559,0.432712936016111,0.007473095819278481,0.0032337052330897163,579278,4329,1338712,2.0,0.010016344068029568,0.026117641434453415,0.014882617227386945,900984,737883,702919,34964,13409,0.7801681272919386,0.9526157941028591,13134,0.009810922737676215,236,0.00017628885077596975,39,2.913247957738483e-05,0,0.0,0.03769922533233477,x264_crf12,51546,1367296,0.0,nvenc_qp18,0,0
nvenc_qp23,alley_1,h264_nvenc,nvenc_qp,False,d1,True,497357,496308,1905.82272,43.33807779223821,18.0,23.0,,1,49,0,50,1,1,,,,0,49,119277,0.22704492627223738,0.6290245808078506,3.7650446229770207,0.0334488980082782,0.01827841228234417,97.70886475790878,0.007101222971845424,0.7721359630717582,0.00548310963835316,9532,7360,1342304,0.5,0.0013067084654444895,0.0011651607981500464,0.12437952063537087,14102,2272,708,1564,1754,0.05020564458941994,0.31161971830985913,1749,0.0013029835268314777,5,3.7249386130116576e-06,0,0.0,0,0.0,0.011583446451975286,x264_crf12,15838,1367296,0.011266031642014604,nvenc_qp18,15404,1367296
nvenc_qp23,alley_1,h264_nvenc,nvenc_qp,False,d1,True,497357,496308,1905.82272,43.33807779223821,18.0,23.0,,1,49,0,50,1,1,,,,0,49,119277,0.22704492627223738,0.6290245808078506,3.7650446229770207,0.0334488980082782,0.01827841228234417,97.70886475790878,0.007101222971845424,0.7721359630717582,0.00548310963835316,9532,7360,1342304,1.0,0.0017939304360264142,0.0006101449448113096,0.026403219262946677,91201,2272,1453,819,2408,0.0159318428526003,0.639524647887324,2386,0.001777540706129163,22,1.6389729897251294e-05,0,0.0,0,0.0,0.08337038944017974,x264_crf12,113992,1367296,0.07606692332896461,nvenc_qp18,104006,1367296
nvenc_qp23,alley_1,h264_nvenc,nvenc_qp,False,d1,True,497357,496308,1905.82272,43.33807779223821,18.0,23.0,,1,49,0,50,1,1,,,,0,49,119277,0.22704492627223738,0.6290245808078506,3.7650446229770207,0.0334488980082782,0.01827841228234417,97.70886475790878,0.007101222971845424,0.7721359630717582,0.00548310963835316,9532,7360,1342304,2.0,0.006788328128352445,0.0002912901995375116,0.009459995390432447,963214,2272,1881,391,9112,0.0019528370642453287,0.8279049295774648,8959,0.006674345006794288,150,0.00011174815839034973,3,2.2349631678069946e-06,0,0.0,0.07855065764838046,x264_crf12,107402,1367296,0.0742209441115896,nvenc_qp18,101482,1367296
nvenc_qp23,ambush_5,h264_nvenc,nvenc_qp,False,d1,True,609555,608506,2336.66304,45.104484208849556,18.0,23.0,,1,49,0,50,1,1,,,,0,49,82672,1.0796615150972075,5.044793730672973,31.17481277190441,0.07979714256417268,0.13566411369593712,72.71127252173163,0.08322876147716667,0.861762911752745,0.07172345983213785,98360,84763,1181803,0.5,0.036867396681172754,0.00248095494765202,0.4327099740791133,100691,6999,4067,2932,43570,0.04039089888867923,0.5810830118588369,27698,0.0234370703069801,5455,0.004615828526412609,7179,0.006074616496996538,3238,0.0027398813507835064,0.06888925294888598,x264_crf12,94192,1367296,0.055688014884853025,nvenc_qp18,76142,1367296
nvenc_qp23,ambush_5,h264_nvenc,nvenc_qp,False,d1,True,609555,608506,2336.66304,45.104484208849556,18.0,23.0,,1,49,0,50,1,1,,,,0,49,82672,1.0796615150972075,5.044793730672973,31.17481277190441,0.07979714256417268,0.13566411369593712,72.71127252173163,0.08322876147716667,0.861762911752745,0.07172345983213785,98360,84763,1181803,1.0,0.03804271947185783,0.001986794753440294,0.41620225509618414,108022,6999,4651,2348,44959,0.04305604413915684,0.6645235033576226,28649,0.024241772952006385,5679,0.004805369422822585,7391,0.006254003416813123,3240,0.002741573680215738,0.06945972196217937,x264_crf12,94972,1367296,0.05856815203145478,nvenc_qp18,80080,1367296
nvenc_qp23,ambush_5,h264_nvenc,nvenc_qp,False,d1,True,609555,608506,2336.66304,45.104484208849556,18.0,23.0,,1,49,0,50,1,1,,,,0,49,82672,1.0796615150972075,5.044793730672973,31.17481277190441,0.07979714256417268,0.13566411369593712,72.71127252173163,0.08322876147716667,0.861762911752745,0.07172345983213785,98360,84763,1181803,2.0,0.04588328173138839,0.0016889447733674733,0.368962889375774,146966,6999,5003,1996,54225,0.034041887239225396,0.7148164023431919,36579,0.030951859150806015,6428,0.0054391467951934456,7889,0.006675393445438876,3329,0.0028168823399500596,0.07175476268489046,x264_crf12,98110,1367296,0.06601642950758285,nvenc_qp18,90264,1367296
nvenc_qp23,ambush_7,h264_nvenc,nvenc_qp,False,d1,True,382342,381293,1464.1651200000001,45.910163447139645,18.0,23.0,,1,49,0,50,1,1,,,,0,49,85729,0.279190118313345,2.343650926992992,17.407709604636644,0.04519619030898876,0.023840485161954694,78.76494999996254,0.32076071084192015,0.005568545194210021,0.0017861705148501648,428119,2384,1334699,0.5,0.0014085572852006332,0.41053675772589926,0.0036591822117031545,513776,1058347,510404,547943,1880,0.9934368285011367,0.4822652683855106,1341,0.0010047209146032176,502,0.0003761147644525095,16,1.1987721576175602e-05,21,1.573388456873048e-05,0.22177933673469388,x264_crf12,303238,1367296,0.17318854147163454,nvenc_qp18,236800,1367296
nvenc_qp23,ambush_7,h264_nvenc,nvenc_qp,False,d1,True,382342,381293,1464.1651200000001,45.910163447139645,18.0,23.0,,1,49,0,50,1,1,,,,0,49,85729,0.279190118313345,2.343650926992992,17.407709604636644,0.04519619030898876,0.023840485161954694,78.76494999996254,0.32076071084192015,0.005568545194210021,0.0017861705148501648,428119,2384,1334699,1.0,0.001718739580984177,0.36688197114105875,0.004001423348497112,573296,1058347,568670,489677,2294,0.9919308699171109,0.53731904564382,1708,0.0012796892782567454,545,0.0004083317661884814,16,1.1987721576175602e-05,25,1.8730814962774377e-05,0.1922992534169631,x264_crf12,262930,1367296,0.14812739889533796,nvenc_qp18,202534,1367296
nvenc_qp23,ambush_7,h264_nvenc,nvenc_qp,False,d1,True,382342,381293,1464.1651200000001,45.910163447139645,18.0,23.0,,1,49,0,50,1,1,,,,0,49,85729,0.279190118313345,2.343650926992992,17.407709604636644,0.04519619030898876,0.023840485161954694,78.76494999996254,0.32076071084192015,0.005568545194210021,0.0017861705148501648,428119,2384,1334699,2.0,0.0037296798753876344,0.3278694297365923,0.007855501691662879,633696,1058347,620740,437607,4978,0.9795548654244306,0.5865184103134417,4348,0.00325766333832572,585,0.00043830107012892046,17,1.2736954174686577e-05,28,2.0978512758307305e-05,0.15835927260812582,x264_crf12,216524,1367296,0.12684305373525556,nvenc_qp18,173432,1367296
nvenc_qp23,bandage_2,h264_nvenc,nvenc_qp,False,d1,True,771246,770197,2957.55648,43.648336392372336,18.0,23.0,,1,49,0,50,1,1,,,,0,49,128402,0.12508468216181995,0.7265583133834839,5.908830610648949,0.02643126910856663,0.020905495225613135,96.75225141778067,0.45560807701731215,0.022810889154129668,0.010392825342568081,609928,13913,1338712,0.5,0.006848373660652926,0.06731544947681055,0.01364984456328835,671656,737883,647767,90116,9168,0.9644326857796253,0.8778722371974961,9150,0.006834927900847979,18,1.3445759804946845e-05,0,0.0,0,0.0,0.06084271437932971,x264_crf12,83190,1367296,0.05336664482306684,nvenc_qp18,72968,1367296
nvenc_qp23,bandage_2,h264_nvenc,nvenc_qp,False,d1,True,771246,770197,2957.55648,43.648336392372336,18.0,23.0,,1,49,0,50,1,1,,,,0,49,128402,0.12508468216181995,0.7265583133834839,5.908830610648949,0.02643126910856663,0.020905495225613135,96.75225141778067,0.45560807701731215,0.022810889154129668,0.010392825342568081,609928,13913,1338712,1.0,0.007794805753590018,0.04329758753189633,0.013918882327754664,749701,737883,679920,57963,10435,0.9069215593950122,0.9214468960526262,10323,0.0077111432481370154,97,7.245770561554688e-05,15,1.1204799837455704e-05,0,0.0,0.05645156571803033,x264_crf12,77186,1367296,0.04854106206702865,nvenc_qp18,66370,1367296
nvenc_qp23,bandage_2,h264_nvenc,nvenc_qp,False,d1,True,771246,770197,2957.55648,43.648336392372336,18.0,23.0,,1,49,0,50,1,1,,,,0,49,128402,0.12508468216181995,0.7265583133834839,5.908830610648949,0.02643126910856663,0.020905495225613135,96.75225141778067,0.45560807701731215,0.022810889154129668,0.010392825342568081,609928,13913,1338712,2.0,0.01398881910373553,0.02736361517637849,0.02069457843374519,904923,737883,701251,36632,18727,0.7749289166039541,0.9503552731259562,18364,0.013717662947669103,312,0.00023305983661907863,51,3.8096319447349394e-05,0,0.0,0.04386175341696311,x264_crf12,59972,1367296,0.03902446873244711,nvenc_qp18,53358,1367296
nvenc_qp28,alley_1,h264_nvenc,nvenc_qp|bframes|encoder,False,d1,True,261656,260607,1000.73088,40.26547550661766,22.0,28.0,,1,49,0,50,1,1,,,,0,49,104251,0.22408096706155645,0.6744332099108119,4.297477968353146,0.03311411854247931,0.01827841228234417,96.8654641571507,0.019455354375759886,0.8616886846639862,0.016764458721720266,26115,22503,1342304,0.5,0.003562531289484349,0.0012165649510096073,0.15351032069596482,31151,2272,639,1633,4782,0.02051298513691374,0.28125,4761,0.0035468865473097,21,1.5644742174648962e-05,0,0.0,0,0.0,0.02387778505897772,x264_crf12,32648,1367296,0.023431649035761094,nvenc_qp18,32038,1367296
nvenc_qp28,alley_1,h264_nvenc,nvenc_qp|bframes|encoder,False,d1,True,261656,260607,1000.73088,40.26547550661766,22.0,28.0,,1,49,0,50,1,1,,,,0,49,104251,0.22408096706155645,0.6744332099108119,4.297477968353146,0.03311411854247931,0.01827841228234417,96.8654641571507,0.019455354375759886,0.8616886846639862,0.016764458721720266,26115,22503,1342304,1.0,0.004181616086966887,0.0007069933487496126,0.05135360152240144,109301,2272,1323,949,5613,0.012104189348679335,0.582306338028169,5559,0.004141386749946361,54,4.0229337020525905e-05,0,0.0,0,0.0,0.09810458013480622,x264_crf12,134138,1367296,0.09311809586219809,nvenc_qp18,127320,1367296
nvenc_qp28,alley_1,h264_nvenc,nvenc_qp|bframes|encoder,False,d1,True,261656,260607,1000.73088,40.26547550661766,22.0,28.0,,1,49,0,50,1,1,,,,0,49,104251,0.22408096706155645,0.6744332099108119,4.297477968353146,0.03311411854247931,0.01827841228234417,96.8654641571507,0.019455354375759886,0.8616886846639862,0.016764458721720266,26115,22503,1342304,2.0,0.009990285360097266,0.0002875652609245,0.013908104867732989,964186,2272,1886,386,13410,0.001956054122337391,0.8301056338028169,13216,0.009845757741912414,182,0.00013558776551362433,3,2.2349631678069946e-06,9,6.7048895034209835e-06,0.08981083832615615,x264_crf12,122798,1367296,0.09020577841228235,nvenc_qp18,123338,1367296
nvenc_qp28,ambush_5,h264_nvenc,nvenc_qp|bframes|encoder,False,d1,True,326427,325378,1249.45152,42.56174053138624,22.0,28.0,,1,49,0,50,1,1,,,,0,49,68012,1.217062484503153,4.632988318844616,31.113384042103647,0.07446978720378304,0.13566411369593712,70.21398659505857,0.12829549425750317,0.8863870201820341,0.11371946085768948,151620,134394,1181803,0.5,0.06657708602872052,0.0021145656255738055,0.5127134106607585,153460,6999,4500,2499,78681,0.029323602241626483,0.6429489927132448,46004,0.03892696160019902,12619,0.010677752552667407,14267,0.012072232004826523,5791,0.004900139871027574,0.10560844177120389,x264_crf12,144398,1367296,0.09056122448979592,nvenc_qp18,123824,1367296
nvenc_qp28,ambush_5,h264_nvenc,nvenc_qp|bframes|encoder,False,d1,True,326427,325378,1249.45152,42.56174053138624,22.0,28.0,,1,49,0,50,1,1,,,,0,49,68012,1.217062484503153,4.632988318844616,31.113384042103647,0.07446978720378304,0.13566411369593712,70.21398659505857,0.12829549425750317,0.8863870201820341,0.11371946085768948,151620,134394,1181803,1.0,0.06775579347827007,0.0015958666545947168,0.4997659512055073,160223,6999,5113,1886,80074,0.03191177296642804,0.7305329332761823,47153,0.03989920485901627,12805,0.010835139189864977,14306,0.012105232428755046,5810,0.004916217000633777,0.10447481744991574,x264_crf12,142848,1367296,0.09213805935218124,nvenc_qp18,125980,1367296
nvenc_qp28,ambush_5,h264_nvenc,nvenc_qp|bframes|encoder,False,d1,True,326427,325378,1249.45152,42.56174053138624,22.0,28.0,,1,49,0,50,1,1,,,,0,49,68012,1.217062484503153,4.632988318844616,31.113384042103647,0.07446978720378304,0.13566411369593712,70.21398659505857,0.12829549425750317,0.8863870201820341,0.11371946085768948,151620,134394,1181803,2.0,0.07445149487689573,0.0013521712163533177,0.4510719668618183,195062,6999,5401,1598,87987,0.027688632332284094,0.77168166880983,53970,0.045667509728778824,13576,0.01148753218599039,14569,0.012327773749093546,5872,0.004968679213032967,0.1011675599138738,x264_crf12,138326,1367296,0.0970440928665044,nvenc_qp18,132688,1367296
nvenc_qp28,ambush_7,h264_nvenc,nvenc_qp|bframes|encoder,False,d1,True,201809,200760,770.9184,43.279182115635706,22.0,28.0,,1,49,0,50,1,1,,,,0,49,76435,0.25853574104501487,1.6139565684601949,12.95887694436062,0.04632675028779022,0.023840485161954694,77.00964786817103,0.4016066543842469,0.008915645568108891,0.0035805825882839503,536024,4779,1334699,0.5,0.002556381626119447,0.34117055605795765,0.0055980219884791,609501,1058347,602987,455360,3412,0.9893125688062858,0.569744138737106,2562,0.0019195339173851184,804,0.000602383009202824,41,3.071853653894998e-05,5,3.746162992554876e-06,0.2654333809211758,x264_crf12,362926,1367296,0.21919759876427636,nvenc_qp18,299708,1367296
nvenc_qp28,ambush_7,h264_nvenc,nvenc_qp|bframes|encoder,False,d1,True,201809,200760,770.9184,43.279182115635706,22.0,28.0,,1,49,0,50,1,1,,,,0,49,76435,0.25853574104501487,1.6139565684601949,12.95887694436062,0.04632675028779022,0.023840485161954694,77.00964786817103,0.4016066543842469,0.008915645568108891,0.0035805825882839503,536024,4779,1334699,1.0,0.002901028621434496,0.30511298802201847,0.005876969171714657,658843,1058347,651113,407234,3872,0.9882673110285759,0.6152169373560845,3019,0.002261933214904634,806,0.0006038814743998459,41,3.071853653894998e-05,6,4.495395591065851e-06,0.2221040652499532,x264_crf12,303682,1367296,0.18112976268489048,nvenc_qp18,247658,1367296
nvenc_qp28,ambush_7,h264_nvenc,nvenc_qp|bframes|encoder,False,d1,True,201809,200760,770.9184,43.279182115635706,22.0,28.0,,1,49,0,50,1,1,,,,0,49,76435,0.25853574104501487,1.6139565684601949,12.95887694436062,0.04632675028779022,0.023840485161954694,77.00964786817103,0.4016066543842469,0.008915645568108891,0.0035805825882839503,536024,4779,1334699,2.0,0.00541695168723435,0.28708345477145036,0.010467444510237971,690713,1058347,675177,383170,7230,0.9775073004272397,0.637954281535262,6315,0.004731403859596808,858,0.0006428415695224166,41,3.071853653894998e-05,16,1.1987721576175602e-05,0.16811868095862198,x264_crf12,229868,1367296,0.14497519191162703,nvenc_qp18,198224,1367296
nvenc_qp28,bandage_2,h264_nvenc,nvenc_qp|bframes|encoder,False,d1,True,416921,415872,1596.94848,40.45230160457566,22.0,28.0,,1,49,0,50,1,1,,,,0,49,114711,0.12994029451901998,0.7344890388408319,6.183054742226011,0.026624337097297883,0.020905495225613135,96.39519179629374,0.47532553678461087,0.03257145730791232,0.015482045428740461,636324,20726,1338712,0.5,0.010235958144843701,0.06533593483886004,0.020102397089458088,681660,737883,650417,87466,13703,0.9541662999149136,0.8814635924665564,13639,0.010188150998870556,23,1.7180693084098744e-05,28,2.0915626363250647e-05,13,9.710826525794943e-06,0.06741627270174125,x264_crf12,92178,1367296,0.06105773731510953,nvenc_qp18,83484,1367296
nvenc_qp28,bandage_2,h264_nvenc,nvenc_qp|bframes|encoder,False,d1,True,416921,415872,1596.94848,40.45230160457566,22.0,28.0,,1,49,0,50,1,1,,,,0,49,114711,0.12994029451901998,0.7344890388408319,6.183054742226011,0.026624337097297883,0.020905495225613135,96.39519179629374,0.47532553678461087,0.03257145730791232,0.015482045428740461,636324,20726,1338712,1.0,0.011264558769922134,0.04326397313238396,0.01993749041466807,756364,737883,679965,57918,15080,0.8989917552924254,0.9215078813307801,14972,0.011183884211092452,67,5.0048105940635475e-05,28,2.0915626363250647e-05,13,9.710826525794943e-06,0.06490913452536978,x264_crf12,88750,1367296,0.05961108640703988,nvenc_qp18,81506,1367296
nvenc_qp28,bandage_2,h264_nvenc,nvenc_qp|bframes|encoder,False,d1,True,416921,415872,1596.94848,40.45230160457566,22.0,28.0,,1,49,0,50,1,1,,,,0,49,114711,0.12994029451901998,0.7344890388408319,6.183054742226011,0.026624337097297883,0.020905495225613135,96.39519179629374,0.47532553678461087,0.03257145730791232,0.015482045428740461,636324,20726,1338712,2.0,0.01738760838776376,0.02922958784264278,0.025709050464932114,905401,737883,698753,39130,23277,0.7717607999107577,0.9469699125742157,22995,0.017176958150819592,207,0.00015462623775688871,60,4.4819199349822815e-05,15,1.1204799837455704e-05,0.0517722570679648,x264_crf12,70788,1367296,0.04998625023403857,nvenc_qp18,68346,1367296
nvenc_qp33,alley_1,h264_nvenc,nvenc_qp,False,d1,True,141989,140940,541.2096,37.21189684393948,26.0,33.0,,1,49,0,50,1,1,,,,0,49,93603,0.22761586330456063,0.7709879807322532,5.840508133153591,0.03372183140574699,0.01827841228234417,96.50570958590602,0.043249517247955754,0.9135976849140456,0.03951265883138246,58054,53038,1342304,0.5,0.010626504875199656,0.0012411495458554843,0.2231155464485148,63931,2272,606,1666,14264,0.009478969514007288,0.26672535211267606,14190,0.010571375783727084,74,5.512909147257253e-05,0,0.0,0,0.0,0.0479837577232728,x264_crf12,65608,1367296,0.04753762170005617,nvenc_qp18,64998,1367296
nvenc_qp33,alley_1,h264_nvenc,nvenc_qp,False,d1,True,141989,140940,541.2096,37.21189684393948,26.0,33.0,,1,49,0,50,1,1,,,,0,49,93603,0.22761586330456063,0.7709879807322532,5.840508133153591,0.03372183140574699,0.01827841228234417,96.50570958590602,0.043249517247955754,0.9135976849140456,0.03951265883138246,58054,53038,1342304,1.0,0.011466851026295086,0.0007092283119174196,0.1055113792157938,145880,2272,1320,952,15392,0.009048533040855497,0.5809859154929577,15293,0.011393097241757456,95,7.07738336472215e-05,4,2.979950890409326e-06,0,0.0,0.12346704736940647,x264_crf12,168816,1367296,0.11889890703988017,nvenc_qp18,162570,1367296
nvenc_qp33,alley_1,h264_nvenc,nvenc_qp,False,d1,True,141989,140940,541.2096,37.21189684393948,26.0,33.0,,1,49,0,50,1,1,,,,0,49,93603,0.22761586330456063,0.7709879807322532,5.840508133153591,0.03372183140574699,0.01827841228234417,96.50570958590602,0.043249517247955754,0.9135976849140456,0.03951265883138246,58054,53038,1342304,2.0,0.019431514768636613,0.0003523791927909028,0.026674616315256063,977821,2272,1799,473,26083,0.001839805035891027,0.7918133802816901,25761,0.019191628721958662,315,0.00023467113261973444,6,4.469926335613989e-06,1,7.449877226023315e-07,0.1058834370904325,x264_crf12,144774,1367296,0.10776452209324097,nvenc_qp18,147346,1367296
nvenc_qp33,ambush_5,h264_nvenc,nvenc_qp,False,d1,True,182744,181695,697.7088,39.98606522971551,26.0,33.0,,1,49,0,50,1,1,,,,0,49,62228,1.639707360257807,5.200131992370716,36.759916056557365,0.07485724325748924,0.13566411369593712,71.02393546132477,0.18743140777269984,0.9147160134894157,0.1714465101205531,221507,202616,1181803,0.5,0.11352399680826669,0.0016957140910964011,0.5998658648364669,223655,6999,4995,2004,134163,0.022333504728264515,0.7136733819117017,73559,0.06224303035277453,25930,0.021941051088887064,24392,0.020639649755500707,10282,0.008700265611104388,0.1591813330836922,x264_crf12,217648,1367296,0.1431218989889534,nvenc_qp18,195690,1367296
nvenc_qp33,ambush_5,h264_nvenc,nvenc_qp,False,d1,True,182744,181695,697.7088,39.98606522971551,26.0,33.0,,1,49,0,50,1,1,,,,0,49,62228,1.639707360257807,5.200131992370716,36.759916056557365,0.07485724325748924,0.13566411369593712,71.02393546132477,0.18743140777269984,0.9147160134894157,0.1714465101205531,221507,202616,1181803,1.0,0.11543125207839208,0.0014308645349521028,0.5911332397344565,230772,6999,5308,1691,136417,0.023001057320645484,0.7583940562937562,75486,0.06387358976073,26107,0.02209082224363959,24493,0.020725112391828417,10331,0.008741727682194072,0.15654254821194533,x264_crf12,214040,1367296,0.14412387661486614,nvenc_qp18,197060,1367296
nvenc_qp33,ambush_5,h264_nvenc,nvenc_qp,False,d1,True,182744,181695,697.7088,39.98606522971551,26.0,33.0,,1,49,0,50,1,1,,,,0,49,62228,1.639707360257807,5.200131992370716,36.759916056557365,0.07485724325748924,0.13566411369593712,71.02393546132477,0.18743140777269984,0.9147160134894157,0.1714465101205531,221507,202616,1181803,2.0,0.1226490371068613,0.0011194759194214263,0.5565487503791675,260439,6999,5676,1323,144947,0.02179397094905141,0.810972996142306,83373,0.07054729087673665,26621,0.0225257509077232,24596,0.020812267357588364,10357,0.008763727964813086,0.1494482540722711,x264_crf12,204340,1367296,0.1458016406103726,nvenc_qp18,199354,1367296
nvenc_qp33,ambush_7,h264_nvenc,nvenc_qp,False,d1,True,104861,103812,398.63808,40.506751085630846,26.0,33.0,,1,49,0,50,1,1,,,,0,49,72861,0.2460665781985777,1.3899320458682785,11.213705127909922,0.046606076571829996,0.023840485161954694,78.66402836894311,0.4844088442412859,0.01755498499706128,0.008503789993099567,646540,11350,1334699,0.5,0.0068045304596766765,0.2689977290759939,0.012727927584510664,713549,1058347,699316,359031,9082,0.9800532268982228,0.6607624909410619,6634,0.004970409058521809,2314,0.0017337242329543965,93,6.967863166152069e-05,41,3.071853653894998e-05,0.3185162539786557,x264_crf12,435506,1367296,0.27795883261561505,nvenc_qp18,380052,1367296
nvenc_qp33,ambush_7,h264_nvenc,nvenc_qp,False,d1,True,104861,103812,398.63808,40.506751085630846,26.0,33.0,,1,49,0,50,1,1,,,,0,49,72861,0.2460665781985777,1.3899320458682785,11.213705127909922,0.046606076571829996,0.023840485161954694,78.66402836894311,0.4844088442412859,0.01755498499706128,0.008503789993099567,646540,11350,1334699,1.0,0.0074833351939276194,0.2440055772874633,0.013342024974218955,748612,1058347,732673,325674,9988,0.9787085967096439,0.6922805091335829,7523,0.005636476838598066,2331,0.001746461187129083,93,6.967863166152069e-05,41,3.071853653894998e-05,0.26616767693315857,x264_crf12,363930,1367296,0.23097412703613557,nvenc_qp18,315810,1367296
nvenc_qp33,ambush_7,h264_nvenc,nvenc_qp,False,d1,True,104861,103812,398.63808,40.506751085630846,26.0,33.0,,1,49,0,50,1,1,,,,0,49,72861,0.2460665781985777,1.3899320458682785,11.213705127909922,0.046606076571829996,0.023840485161954694,78.66402836894311,0.4844088442412859,0.01755498499706128,0.008503789993099567,646540,11350,1334699,2.0,0.011366607752010004,0.23334924203884172,0.01965629024609556,771814,1058347,746896,311451,15171,0.9677150194217777,0.7057193907102302,12675,0.00949652318612661,2361,0.0017689381650844124,94,7.042786426003166e-05,41,3.071853653894998e-05,0.1933304858640704,x264_crf12,264340,1367296,0.18106393933720277,nvenc_qp18,247568,1367296
nvenc_qp33,bandage_2,h264_nvenc,nvenc_qp,False,d1,True,216375,215326,826.8518399999999,37.129929598944145,26.0,33.0,,1,49,0,50,1,1,,,,0,49,101899,0.1391324220937042,0.778091516085162,6.680161317737225,0.026858857919618905,0.020905495225613135,96.29427389909107,0.4978972325638375,0.041646350337038535,0.020735602579195524,666541,27759,1338712,0.5,0.014174071794381465,0.06383000974070599,0.027369341145314974,693294,737883,652433,85450,18975,0.9410625218161415,0.884195732927849,18737,0.013996288970293834,109,8.142154548551145e-05,104,7.768661220635954e-05,25,1.8674666395759505e-05,0.07906261701928478,x264_crf12,108102,1367296,0.07404102696124322,nvenc_qp18,101236,1367296
nvenc_qp33,bandage_2,h264_nvenc,nvenc_qp,False,d1,True,216375,215326,826.8518399999999,37.129929598944145,26.0,33.0,,1,49,0,50,1,1,,,,0,49,101899,0.1391324220937042,0.778091516085162,6.680161317737225,0.026858857919618905,0.020905495225613135,96.29427389909107,0.4978972325638375,0.041646350337038535,0.020735602579195524,666541,27759,1338712,1.0,0.015307250551276151,0.04218457741470907,0.026748152025364538,766109,737883,681410,56473,20492,0.889442625005058,0.9234661863737205,20195,0.015085395514494528,158,0.00011802389162120008,114,8.515647876466335e-05,25,1.8674666395759505e-05,0.07564419116270361,x264_crf12,103428,1367296,0.07133495600074892,nvenc_qp18,97536,1367296
nvenc_qp33,bandage_2,h264_nvenc,nvenc_qp,False,d1,True,216375,215326,826.8518399999999,37.129929598944145,26.0,33.0,,1,49,0,50,1,1,,,,0,49,101899,0.1391324220937042,0.778091516085162,6.680161317737225,0.026858857919618905,0.020905495225613135,96.29427389909107,0.4978972325638375,0.041646350337038535,0.020735602579195524,666541,27759,1338712,2.0,0.021978588374497277,0.029021925552321932,0.03232735415169674,910158,737883,699031,38852,29423,0.7680325833536594,0.9473466660703662,28947,0.02162302272632202,324,0.0002420236764890432,127,9.486730529045829e-05,25,1.8674666395759505e-05,0.060605750327653994,x264_crf12,82866,1367296,0.06161942988204456,nvenc_qp18,84252,1367296
nvenc_qp38,alley_1,h264_nvenc,nvenc_qp,False,d1,True,80345,79296,304.49664,34.387771452776576,30.0,38.0,,1,49,0,50,1,1,,,,0,49,87575,0.28859065613702556,0.9416211797905044,6.953970336989625,0.03481980690182583,0.01827841228234417,96.16450520895415,0.10959961379836461,0.9205660839065771,0.10089368727203375,147116,135430,1342304,0.5,0.015496489617851097,0.0013290580971225595,0.13608766764802094,152850,2272,488,1784,20801,0.00319267255479228,0.2147887323943662,20701,0.015421990845590865,84,6.257896869859585e-05,16,1.1919803561637304e-05,0,0.0,0.11296017833739,x264_crf12,154450,1367296,0.11216298445983898,nvenc_qp18,153360,1367296
nvenc_qp38,alley_1,h264_nvenc,nvenc_qp,False,d1,True,80345,79296,304.49664,34.387771452776576,30.0,38.0,,1,49,0,50,1,1,,,,0,49,87575,0.28859065613702556,0.9416211797905044,6.953970336989625,0.03481980690182583,0.01827841228234417,96.16450520895415,0.10959961379836461,0.9205660839065771,0.10089368727203375,147116,135430,1342304,1.0,0.016901536462679095,0.0008559908932700789,0.08862871027978966,255978,2272,1123,1149,22687,0.004387095766042394,0.4942781690140845,22529,0.016783828402507927,142,0.00010578825660953108,16,1.1919803561637304e-05,0,0.0,0.19516037492978844,x264_crf12,266842,1367296,0.19139089121887287,nvenc_qp18,261688,1367296
nvenc_qp38,alley_1,h264_nvenc,nvenc_qp,False,d1,True,80345,79296,304.49664,34.387771452776576,30.0,38.0,,1,49,0,50,1,1,,,,0,49,87575,0.28859065613702556,0.9416211797905044,6.953970336989625,0.03481980690182583,0.01827841228234417,96.16450520895415,0.10959961379836461,0.9205660839065771,0.10089368727203375,147116,135430,1342304,2.0,0.028736411423939734,0.00040601830881827067,0.03967060633610742,972332,2272,1727,545,38573,0.0017761423053031268,0.7601232394366197,38057,0.02835199775907693,493,0.00036727894724294946,22,1.6389729897251294e-05,1,7.449877226023315e-07,0.12929168226923798,x264_crf12,176780,1367296,0.13218790956749674,nvenc_qp18,180740,1367296
nvenc_qp38,ambush_5,h264_nvenc,nvenc_qp,False,d1,True,106045,104996,403.18464,37.54867570540623,30.0,38.0,,1,49,0,50,1,1,,,,0,49,61414,2.6156107460730706,6.496882912560722,47.06197345643393,0.08175506120926447,0.13566411369593712,73.08730812157356,0.28263678464177194,0.9401055622251295,0.26570841333115586,334021,314015,1181803,0.5,0.19753122982426005,0.0015730202072595856,0.6965578358765643,335138,6999,5140,1859,233443,0.01533696566787413,0.7343906272324617,124305,0.10518250503679548,46565,0.03940166000594007,43513,0.03681916529235414,19060,0.01612789948917036,0.24735536416401424,x264_crf12,338208,1367296,0.23117305982025838,nvenc_qp18,316082,1367296
nvenc_qp38,ambush_5,h264_nvenc,nvenc_qp,False,d1,True,106045,104996,403.18464,37.54867570540623,30.0,38.0,,1,49,0,50,1,1,,,,0,49,61414,2.6156107460730706,6.496882912560722,47.06197345643393,0.08175506120926447,0.13566411369593712,73.08730812157356,0.28263678464177194,0.9401055622251295,0.26570841333115586,334021,314015,1181803,1.0,0.19906363412514608,0.0014579418058678138,0.6914557799135879,340230,6999,5276,1723,235254,0.015507156923257796,0.7538219745677954,125680,0.10634598152145493,46902,0.03968681751527116,43581,0.03687670449305003,19091,0.016154130595369957,0.2431485208762404,x264_crf12,332456,1367296,0.23064793577981652,nvenc_qp18,315364,1367296
nvenc_qp38,ambush_5,h264_nvenc,nvenc_qp,False,d1,True,106045,104996,403.18464,37.54867570540623,30.0,38.0,,1,49,0,50,1,1,,,,0,49,61414,2.6156107460730706,6.496882912560722,47.06197345643393,0.08175506120926447,0.13566411369593712,73.08730812157356,0.28263678464177194,0.9401055622251295,0.26570841333115586,334021,314015,1181803,2.0,0.20760905159320123,0.0011761689554011963,0.6679107321747463,367344,6999,5609,1390,245353,0.01526906659697722,0.8014002000285755,134957,0.11419585159286277,47465,0.04016320825044445,43814,0.03707386087190505,19117,0.01617613087798897,0.2328917805654372,x264_crf12,318432,1367296,0.23029248970230293,nvenc_qp18,314878,1367296
nvenc_qp38,ambush_7,h264_nvenc,nvenc_qp,False,d1,True,58825,57776,221.85984,37.965266610983036,30.0,38.0,,1,49,0,50,1,1,,,,0,49,71863,0.2337460809964997,1.259908821546899,9.993924099704406,0.04746129811106377,0.023840485161954694,81.00642916492782,0.5839256641385061,0.040769087654693247,0.023806116585087723,779365,31774,1334699,0.5,0.019966299517718975,0.19888454250733686,0.03215740221188481,828705,1058347,792896,265451,26649,0.9567892072571059,0.7491833963718894,20510,0.0153667605954601,5068,0.003797110809253622,698,0.0005229643537606606,373,0.0002794637592445937,0.38185440460587905,x264_crf12,522108,1367296,0.3468085915558884,nvenc_qp18,474190,1367296
nvenc_qp38,ambush_7,h264_nvenc,nvenc_qp,False,d1,True,58825,57776,221.85984,37.965266610983036,30.0,38.0,,1,49,0,50,1,1,,,,0,49,71863,0.2337460809964997,1.259908821546899,9.993924099704406,0.04746129811106377,0.023840485161954694,81.00642916492782,0.5839256641385061,0.040769087654693247,0.023806116585087723,779365,31774,1334699,1.0,0.020394860564067255,0.1849825316419657,0.032090850788920225,848248,1058347,811451,246896,27221,0.9566199979251351,0.7667154534382391,21070,0.015786330850626248,5080,0.0038061016004357537,698,0.0005229643537606606,373,0.0002794637592445937,0.32187763293390753,x264_crf12,440102,1367296,0.29229223225987644,nvenc_qp18,399650,1367296
nvenc_qp38,ambush_7,h264_nvenc,nvenc_qp,False,d1,True,58825,57776,221.85984,37.965266610983036,30.0,38.0,,1,49,0,50,1,1,,,,0,49,71863,0.2337460809964997,1.259908821546899,9.993924099704406,0.04746129811106377,0.023840485161954694,81.00642916492782,0.5839256641385061,0.040769087654693247,0.023806116585087723,779365,31774,1334699,2.0,0.022939254468610525,0.1794929043926758,0.0355538265913406,861145,1058347,818778,239569,30617,0.9508015491003258,0.7736385136443907,24415,0.018292513892645457,5126,0.0038405662999672586,700,0.0005244628189576825,376,0.00028171145704012664,0.2313822317917993,x264_crf12,316368,1367296,0.22933146882606253,nvenc_qp18,313564,1367296
nvenc_qp38,bandage_2,h264_nvenc,nvenc_qp,False,d1,True,113928,112879,433.45536,33.97206022270629,30.0,38.0,,1,49,0,50,1,1,,,,0,49,91964,0.15053057672730819,0.8242971360349913,7.148261384566726,0.02893637009647464,0.020905495225613135,95.95812990396739,0.5244167528191276,0.05665464935908484,0.029710647248997545,702043,39774,1338712,0.5,0.019055629590233,0.05737006914108486,0.03555584051024234,717463,737883,661081,76802,25510,0.9214147628518823,0.8959157481606163,24342,0.018183149176223115,585,0.00043698719366077243,497,0.000371252367947699,86,6.42408524014127e-05,0.09046907180303314,x264_crf12,123698,1367296,0.08625491480996068,nvenc_qp18,117936,1367296
nvenc_qp38,bandage_2,h264_nvenc,nvenc_qp,False,d1,True,113928,112879,433.45536,33.97206022270629,30.0,38.0,,1,49,0,50,1,1,,,,0,49,91964,0.15053057672730819,0.8242971360349913,7.148261384566726,0.02893637009647464,0.020905495225613135,95.95812990396739,0.5244167528191276,0.05665464935908484,0.029710647248997545,702043,39774,1338712,1.0,0.020261266052743233,0.041104434710378335,0.034816540552335844,779055,737883,682856,55027,27124,0.8765183459447664,0.9254258466450643,25928,0.0193678700123701,609,0.0004549148734007016,501,0.0003742403145710205,86,6.42408524014127e-05,0.0897859717281408,x264_crf12,122764,1367296,0.08706527335704924,nvenc_qp18,119044,1367296
nvenc_qp38,bandage_2,h264_nvenc,nvenc_qp,False,d1,True,113928,112879,433.45536,33.97206022270629,30.0,38.0,,1,49,0,50,1,1,,,,0,49,91964,0.15053057672730819,0.8242971360349913,7.148261384566726,0.02893637009647464,0.020905495225613135,95.95812990396739,0.5244167528191276,0.05665464935908484,0.029710647248997545,702043,39774,1338712,2.0,0.028346649615451268,0.028147204178344556,0.04132022630957721,918388,737883,700202,37681,37948,0.7624250316859541,0.9489336385307697,36466,0.027239615391510645,882,0.0006588422304423954,514,0.00038395114109681544,86,6.42408524014127e-05,0.07240275697434938,x264_crf12,98996,1367296,0.07508981230106722,nvenc_qp18,102670,1367296
nvenc_qp45,alley_1,h264_nvenc,nvenc_qp,False,d1,True,45568,44519,170.95296,30.931222698996883,36.0,45.0,,1,49,0,50,1,1,,,,0,49,83960,1.0756673841644329,1.5061525606356911,11.421368952419032,0.036733907852294065,0.01827841228234417,95.30605585619949,0.3620617982215653,0.8873861361284123,0.3212886201635397,485997,431267,1342304,0.5,0.04293736739218538,0.0005982251412496722,0.11650848519765103,494685,2272,1469,803,57635,0.002969566491807918,0.6465669014084507,55006,0.040978794669463844,2581,0.0019228133120366177,48,3.5759410684911914e-05,0,0.0,0.36142576296573675,x264_crf12,494176,1367296,0.3607426628908444,nvenc_qp18,493242,1367296
nvenc_qp45,alley_1,h264_nvenc,nvenc_qp,False,d1,True,45568,44519,170.95296,30.931222698996883,36.0,45.0,,1,49,0,50,1,1,,,,0,49,83960,1.0756673841644329,1.5061525606356911,11.421368952419032,0.036733907852294065,0.01827841228234417,95.30605585619949,0.3620617982215653,0.8873861361284123,0.3212886201635397,485997,431267,1342304,1.0,0.044715653086037144,0.0005788554604620116,0.10687678062678063,561600,2272,1495,777,60022,0.002662037037037037,0.6580105633802817,56861,0.04236074689489117,3111,0.0023176568050158534,50,3.724938613011658e-05,0,0.0,0.3991937371278787,x264_crf12,545816,1367296,0.3990196709417712,nvenc_qp18,545578,1367296
nvenc_qp45,alley_1,h264_nvenc,nvenc_qp,False,d1,True,45568,44519,170.95296,30.931222698996883,36.0,45.0,,1,49,0,50,1,1,,,,0,49,83960,1.0756673841644329,1.5061525606356911,11.421368952419032,0.036733907852294065,0.01827841228234417,95.30605585619949,0.3620617982215653,0.8873861361284123,0.3212886201635397,485997,431267,1342304,2.0,0.05932560731399147,0.00022051636589029013,0.0797524691988599,998502,2272,1976,296,79633,0.0019789644888042286,0.8697183098591549,75315,0.056108750327794596,4260,0.003173647698285932,54,4.0229337020525905e-05,4,2.979950890409326e-06,0.18088548492791612,x264_crf12,247324,1367296,0.18384314735068338,nvenc_qp18,251368,1367296
nvenc_qp45,ambush_5,h264_nvenc,nvenc_qp,False,d1,True,54905,53856,206.80704,34.040138522686775,36.0,45.0,,1,49,0,50,1,1,,,,0,49,65985,5.27635921241519,9.70155792575156,68.41726895772624,0.1025553387916865,0.13566411369593712,79.0553924808111,0.5211376176909349,0.9642090530328862,0.5024856088535906,615882,593839,1181803,0.5,0.42157449253386564,0.0012734778977545327,0.8070621052512218,617323,6999,5494,1505,498218,0.008899717003902333,0.7849692813259037,272621,0.23068227107225148,98081,0.0829926815213703,85494,0.07234200623961862,42022,0.035557533700625234,0.4707042220557948,x264_crf12,643592,1367296,0.4549431871372402,nvenc_qp18,622042,1367296
nvenc_qp45,ambush_5,h264_nvenc,nvenc_qp,False,d1,True,54905,53856,206.80704,34.040138522686775,36.0,45.0,,1,49,0,50,1,1,,,,0,49,65985,5.27635921241519,9.70155792575156,68.41726895772624,0.1025553387916865,0.13566411369593712,79.0553924808111,0.5211376176909349,0.9642090530328862,0.5024856088535906,615882,593839,1181803,1.0,0.4226592756999263,0.0012244003442198066,0.8055555107576737,620069,6999,5552,1447,499500,0.008953842233686896,0.7932561794542078,273365,0.23131181762104175,98523,0.08336668632589357,85589,0.07242239188764964,42023,0.03555837986534135,0.46363918273731514,x264_crf12,633932,1367296,0.45171491761842353,nvenc_qp18,617628,1367296
nvenc_qp45,ambush_5,h264_nvenc,nvenc_qp,False,d1,True,54905,53856,206.80704,34.040138522686775,36.0,45.0,,1,49,0,50,1,1,,,,0,49,65985,5.27635921241519,9.70155792575156,68.41726895772624,0.1025553387916865,0.13566411369593712,79.0553924808111,0.5211376176909349,0.9642090530328862,0.5024856088535906,615882,593839,1181803,2.0,0.4296045956898062,0.0010983218015185273,0.7999521013183166,634673,6999,5701,1298,507708,0.008982578430152221,0.814544934990713,280648,0.23747443524851436,99135,0.08388453913215654,85874,0.07266354883174268,42051,0.0355820724773926,0.44333341134618987,x264_crf12,606168,1367296,0.44048837998502155,nvenc_qp18,602278,1367296
nvenc_qp45,ambush_7,h264_nvenc,nvenc_qp,False,d1,True,31902,30853,118.47552,34.23933813892892,36.0,45.0,,1,49,0,50,1,1,,,,0,49,75635,0.22691687356336618,1.4331260665524832,10.03861809831959,0.04635036496350365,0.023840485161954694,86.76967615919395,0.7219065871780829,0.08162191446434354,0.05892339770989564,963528,78645,1334699,0.5,0.05180868495443542,0.11670646340485757,0.07015117975396515,985714,1058347,902579,155768,69149,0.9156601204811944,0.8528195383933624,45613,0.03417474651588111,17099,0.012811128201939163,3630,0.00271971433259484,2807,0.002103095904020307,0.4856388082756038,x264_crf12,664012,1367296,0.4560958270923048,nvenc_qp18,623618,1367296
nvenc_qp45,ambush_7,h264_nvenc,nvenc_qp,False,d1,True,31902,30853,118.47552,34.23933813892892,36.0,45.0,,1,49,0,50,1,1,,,,0,49,75635,0.22691687356336618,1.4331260665524832,10.03861809831959,0.04635036496350365,0.023840485161954694,86.76967615919395,0.7219065871780829,0.08162191446434354,0.05892339770989564,963528,78645,1334699,1.0,0.05198850077807805,0.10733880822567485,0.06949143036836297,998526,1058347,915082,143265,69389,0.916432821979598,0.8646332441061391,45821,0.03433058689637139,17123,0.012829109784303428,3638,0.0027257081933829276,2807,0.002103095904020307,0.41754089824002993,x264_crf12,570902,1367296,0.3934583294326905,nvenc_qp18,537974,1367296
nvenc_qp45,ambush_7,h264_nvenc,nvenc_qp,False,d1,True,31902,30853,118.47552,34.23933813892892,36.0,45.0,,1,49,0,50,1,1,,,,0,49,75635,0.22691687356336618,1.4331260665524832,10.03861809831959,0.04635036496350365,0.023840485161954694,86.76967615919395,0.7219065871780829,0.08162191446434354,0.05892339770989564,963528,78645,1334699,2.0,0.05455986705616772,0.10435911018139671,0.07231752538824703,1006962,1058347,919059,139288,72821,0.912704749533746,0.8683909908564961,49103,0.03678956828468441,17215,0.012898039183366437,3691,0.0027654175211040094,2812,0.002106842067012862,0.31235811411720654,x264_crf12,427086,1367296,0.3195430982025838,nvenc_qp18,436910,1367296
nvenc_qp45,bandage_2,h264_nvenc,nvenc_qp,False,d1,True,51431,50382,193.46688,30.11019409753179,36.0,45.0,,1,49,0,50,1,1,,,,0,49,85250,0.18214359197944827,1.024623231370043,8.572775837143938,0.03134240450032454,0.020905495225613135,95.86953728658591,0.5860618265915297,0.10238628136758063,0.060004691076198616,784568,80329,1338712,0.5,0.032269823531872424,0.041206024895571264,0.05448986387624746,792808,737883,682720,55163,43200,0.8611416635553627,0.9252415355821993,38041,0.028416119374443494,2697,0.0020146230107745355,2233,0.001668021202469239,229,0.00017105994418515708,0.12983435920239655,x264_crf12,177522,1367296,0.12684597921737503,nvenc_qp18,173436,1367296
nvenc_qp45,bandage_2,h264_nvenc,nvenc_qp,False,d1,True,51431,50382,193.46688,30.11019409753179,36.0,45.0,,1,49,0,50,1,1,,,,0,49,85250,0.18214359197944827,1.024623231370043,8.572775837143938,0.03134240450032454,0.020905495225613135,95.86953728658591,0.5860618265915297,0.10238628136758063,0.060004691076198616,784568,80329,1338712,1.0,0.033878832788531064,0.034799867335169925,0.05458582819316985,830875,737883,691296,46587,45354,0.8320096284037912,0.9368639743699204,40049,0.029916068579350898,2843,0.002123683062525771,2233,0.001668021202469239,229,0.00017105994418515708,0.1254607634338139,x264_crf12,171542,1367296,0.12247969715409099,nvenc_qp18,167466,1367296
nvenc_qp45,bandage_2,h264_nvenc,nvenc_qp,False,d1,True,51431,50382,193.46688,30.11019409753179,36.0,45.0,,1,49,0,50,1,1,,,,0,49,85250,0.18214359197944827,1.024623231370043,8.572775837143938,0.03134240450032454,0.020905495225613135,95.86953728658591,0.5860618265915297,0.10238628136758063,0.060004691076198616,784568,80329,1338712,2.0,0.04295845559014934,0.02525935376690431,0.06131278379378247,937961,737883,704068,33815,57509,0.7506367535537192,0.9541729515383875,51887,0.03875889661107094,3157,0.0023582368724565103,2236,0.0016702621624367301,229,0.00017105994418515708,0.09843515961430443,x264_crf12,134590,1367296,0.10025334675154465,nvenc_qp18,137076,1367296
nvenc_qp28_bf2,alley_1,h264_nvenc,bframes,False,B_naive,True,182353,181016,695.1014399999999,39.809040173632795,22.0,28.18802521008403,36.0,1,17,32,50,1,1,,,,0,32,116462,2.154394372666065,3.1844038167221465,35.443338554034256,0.03733354084997519,0.018322865897362428,99.45355004238124,0.03084989510214279,0.9444567709488944,0.029136392312281892,27042,25540,876567,0.5,0.014740459086413246,0.0015572112570972898,0.4494573535550299,28748,1537,172,1365,12921,0.005983024906080423,0.11190631099544568,11668,0.013311019009385477,1221,0.001392934025579334,27,3.080198090961672e-05,5,5.704070538817911e-06,0.035133851777522936,x264_crf12,31372,892928,0.03519656680045872,nvenc_qp18,31428,892928
nvenc_qp28_bf2,alley_1,h264_nvenc,bframes,False,B_naive,True,182353,181016,695.1014399999999,39.809040173632795,22.0,28.18802521008403,36.0,1,17,32,50,1,1,,,,0,32,116462,2.154394372666065,3.1844038167221465,35.443338554034256,0.03733354084997519,0.018322865897362428,99.45355004238124,0.03084989510214279,0.9444567709488944,0.029136392312281892,27042,25540,876567,1.0,0.015688475609964784,0.000658249740179587,0.3104008667388949,44304,1537,960,577,13752,0.021668472372697724,0.6245933636955108,12486,0.014244204949536089,1234,0.0014077646089802605,27,3.080198090961672e-05,5,5.704070538817911e-06,0.09184391126720183,x264_crf12,82010,892928,0.08847297878440367,nvenc_qp18,79000,892928
nvenc_qp28_bf2,alley_1,h264_nvenc,bframes,False,B_naive,True,182353,181016,695.1014399999999,39.809040173632795,22.0,28.18802521008403,36.0,1,17,32,50,1,1,,,,0,32,116462,2.154394372666065,3.1844038167221465,35.443338554034256,0.03733354084997519,0.018322865897362428,99.45355004238124,0.03084989510214279,0.9444567709488944,0.029136392312281892,27042,25540,876567,2.0,0.02200174088232845,0.0001734037443800645,0.04852910462971584,397411,1537,1385,152,19286,0.0034850570316372724,0.9011060507482108,17866,0.02038178484930416,1384,0.0015788867251447978,31,3.536523734067105e-05,5,5.704070538817911e-06,0.3640091922305046,x264_crf12,325034,892928,0.36289376075114677,nvenc_qp18,324038,892928
nvenc_qp28_bf2,alley_1,h264_nvenc,bframes,False,B_scaled,True,182353,181016,695.1014399999999,39.809040173632795,22.0,28.18802521008403,36.0,1,17,32,50,1,1,,,,0,32,116462,0.11185589907607801,0.48699622327835745,3.9102207851260546,0.03733354084997519,0.018322865897362428,99.45355004238124,0.03084989510214279,0.9444567709488944,0.029136392312281892,27042,25540,876567,0.5,0.01485910375362066,0.0014556788015063309,0.4330551584267048,30077,1537,261,1276,13025,0.008677727166938192,0.16981132075471697,11771,0.013428522862485127,1222,0.0013940748396870976,27,3.080198090961672e-05,5,5.704070538817911e-06,0.03629407970183486,x264_crf12,32408,892928,0.0364463876146789,nvenc_qp18,32544,892928
nvenc_qp28_bf2,alley_1,h264_nvenc,bframes,False,B_scaled,True,182353,181016,695.1014399999999,39.809040173632795,22.0,28.18802521008403,36.0,1,17,32,50,1,1,,,,0,32,116462,0.11185589907607801,0.48699622327835745,3.9102207851260546,0.03733354084997519,0.018322865897362428,99.45355004238124,0.03084989510214279,0.9444567709488944,0.029136392312281892,27042,25540,876567,1.0,0.016038705541048203,0.0005145071626013756,0.18316483401949032,76756,1537,1086,451,14059,0.014148731043827193,0.7065712426805465,12780,0.01457960429721858,1247,0.001422595192381187,27,3.080198090961672e-05,5,5.704070538817911e-06,0.10219636969610092,x264_crf12,91254,892928,0.09713661123853211,nvenc_qp18,86736,892928
nvenc_qp28_bf2,alley_1,h264_nvenc,bframes,False,B_scaled,True,182353,181016,695.1014399999999,39.809040173632795,22.0,28.18802521008403,36.0,1,17,32,50,1,1,,,,0,32,116462,0.11185589907607801,0.48699622327835745,3.9102207851260546,0.03733354084997519,0.018322865897362428,99.45355004238124,0.03084989510214279,0.9444567709488944,0.029136392312281892,27042,25540,876567,2.0,0.02447046261152884,0.00011750385309964898,0.03156602818426908,679528,1537,1434,103,21450,0.0021102883177735133,0.9329863370201692,19978,0.022791184244900845,1436,0.0016382090587485042,31,3.536523734067105e-05,5,5.704070538817911e-06,0.09182823251146789,x264_crf12,81996,892928,0.09461457138761468,nvenc_qp18,84484,892928
nvenc_qp28_bf2,alley_1,h264_nvenc,bframes,False,dgt1_naive,True,182353,181016,695.1014399999999,39.809040173632795,22.0,28.18802521008403,36.0,1,17,32,50,1,1,,,,0,16,32038,2.7264513655880878,4.586246212939043,35.86108716138993,0.023170636164211847,0.01869579630160545,90.99418648443223,0.004391520986403176,0.7744282744282744,0.003400918019615765,1924,1490,438117,0.5,0.0016433966269284233,0.0016205716737766396,0.3344170924291686,2153,727,17,710,720,0.007895959126799815,0.023383768913342505,720,0.0016433966269284233,0,0.0,0,0.0,0,0.0,0.007928970756880734,x264_crf12,3540,446464,0.008448609518348624,nvenc_qp18,3772,446464
nvenc_qp28_bf2,alley_1,h264_nvenc,bframes,False,dgt1_naive,True,182353,181016,695.1014399999999,39.809040173632795,22.0,28.18802521008403,36.0,1,17,32,50,1,1,,,,0,16,32038,2.7264513655880878,4.586246212939043,35.86108716138993,0.023170636164211847,0.01869579630160545,90.99418648443223,0.004391520986403176,0.7744282744282744,0.003400918019615765,1924,1490,438117,1.0,0.0017073064957534175,0.0015338368517998618,0.25338753387533874,2952,727,55,672,748,0.018631436314363144,0.07565337001375516,748,0.0017073064957534175,0,0.0,0,0.0,0,0.0,0.07379318377293578,x264_crf12,32946,446464,0.07014675315366972,nvenc_qp18,31318,446464
nvenc_qp28_bf2,alley_1,h264_nvenc,bframes,False,dgt1_naive,True,182353,181016,695.1014399999999,39.809040173632795,22.0,28.18802521008403,36.0,1,17,32,50,1,1,,,,0,16,32038,2.7264513655880878,4.586246212939043,35.86108716138993,0.023170636164211847,0.01869579630160545,90.99418648443223,0.004391520986403176,0.7744282744282744,0.003400918019615765,1924,1490,438117,2.0,0.002118155652485523,0.0013124348062275603,0.18694601128122482,4964,727,152,575,928,0.030620467365028204,0.20907840440165062,926,0.0021135906618551664,2,4.564990630356731e-06,0,0.0,0,0.0,0.7148258314220184,x264_crf12,319144,446464,0.7080660478784404,nvenc_qp18,316126,446464
nvenc_qp28_bf2,alley_1,h264_nvenc,bframes,False,dgt1_scaled,True,182353,181016,695.1014399999999,39.809040173632795,22.0,28.18802521008403,36.0,1,17,32,50,1,1,,,,0,16,32038,0.07130852532880548,0.5168131054655093,4.315962544863954,0.023170636164211847,0.01869579630160545,90.99418648443223,0.004391520986403176,0.7744282744282744,0.003400918019615765,1924,1490,438117,0.5,0.001791758822415017,0.001417429590725765,0.2050143640637242,3829,727,106,621,785,0.02768346826847741,0.14580467675378267,785,0.001791758822415017,0,0.0,0,0.0,0,0.0,0.011445491685779817,x264_crf12,5110,446464,0.011893456135321102,nvenc_qp18,5310,446464
nvenc_qp28_bf2,alley_1,h264_nvenc,bframes,False,dgt1_scaled,True,182353,181016,695.1014399999999,39.809040173632795,22.0,28.18802521008403,36.0,1,17,32,50,1,1,,,,0,16,32038,0.07130852532880548,0.5168131054655093,4.315962544863954,0.023170636164211847,0.01869579630160545,90.99418648443223,0.004391520986403176,0.7744282744282744,0.003400918019615765,1924,1490,438117,1.0,0.0026682370234435092,0.0012234174889356039,0.03314995462794918,35264,727,191,536,1169,0.005416288566243194,0.2627235213204952,1159,0.0026454120702917258,10,2.2824953151783656e-05,0,0.0,0,0.0,0.08868352207568807,x264_crf12,39594,446464,0.08242993836009174,nvenc_qp18,36802,446464
nvenc_qp28_bf2,alley_1,h264_nvenc,bframes,False,dgt1_scaled,True,182353,181016,695.1014399999999,39.809040173632795,22.0,28.18802521008403,36.0,1,17,32,50,1,1,,,,0,16,32038,0.07130852532880548,0.5168131054655093,4.315962544863954,0.023170636164211847,0.01869579630160545,90.99418648443223,0.004391520986403176,0.7744282744282744,0.003400918019615765,1924,1490,438117,2.0,0.011058689802039182,0.0009198456120168814,0.015113232266516938,320580,727,324,403,4845,0.0010106681639528354,0.44566712517193946,4699,0.01072544548602314,142,0.0003241143347553279,1,2.2824953151783655e-06,3,6.847485945535097e-06,0.09459217316513761,x264_crf12,42232,446464,0.10000806336009174,nvenc_qp18,44650,446464
nvenc_qp28_bf2,alley_1,h264_nvenc,bframes,False,d1,True,182353,181016,695.1014399999999,39.809040173632795,22.0,28.18802521008403,36.0,1,17,32,50,1,1,,,,0,1,2801,1.4435873075300762,1.9261571899762553,14.072703526338703,0.04688796680497925,0.01017775229357798,99.65604634322955,0.06220130340333092,0.5069848661233993,0.03153511947863867,1718,871,27620,0.5,0.012346125995655322,0.00021723388848660392,0.18674698795180722,1826,8,2,6,341,0.001095290251916758,0.25,219,0.007929036929761043,122,0.0044170890658942795,0,0.0,0,0.0,0.0677322247706422,x264_crf12,1890,27904,0.0715309633027523,nvenc_qp18,1996,27904
nvenc_qp28_bf2,alley_1,h264_nvenc,bframes,False,d1,True,182353,181016,695.1014399999999,39.809040173632795,22.0,28.18802521008403,36.0,1,17,32,50,1,1,,,,0,1,2801,1.4435873075300762,1.9261571899762553,14.072703526338703,0.04688796680497925,0.01017775229357798,99.65604634322955,0.06220130340333092,0.5069848661233993,0.03153511947863867,1718,871,27620,1.0,0.01328747284576394,0.00021723388848660392,0.0505370421371523,7262,8,2,6,367,0.0002754062241806665,0.25,231,0.00836350470673425,136,0.004923968139029689,0,0.0,0,0.0,0.28705561926605505,x264_crf12,8010,27904,0.25437213302752293,nvenc_qp18,7098,27904
nvenc_qp28_bf2,alley_1,h264_nvenc,bframes,False,d1,True,182353,181016,695.1014399999999,39.809040173632795,22.0,28.18802521008403,36.0,1,17,32,50,1,1,,,,0,1,2801,1.4435873075300762,1.9261571899762553,14.072703526338703,0.04688796680497925,0.01017775229357798,99.65604634322955,0.06220130340333092,0.5069848661233993,0.03153511947863867,1718,871,27620,2.0,0.0277697320782042,0.00018102824040550325,0.03439307654365275,22301,8,3,5,767,0.00013452311555535627,0.375,408,0.014771904417089065,359,0.012997827661115133,0,0.0,0,0.0,0.08135034403669725,x264_crf12,2270,27904,0.08543577981651376,nvenc_qp18,2384,27904
nvenc_qp28_bf2,ambush_5,h264_nvenc,bframes,False,B_naive,True,247295,245958,944.47872,40.74615421978885,22.0,28.168067226890756,36.0,1,17,32,50,1,1,,,,0,32,73352,5.917689947465324,11.403217087125752,67.73114024446359,0.09196092135650906,0.13287745484518354,81.97856583810983,0.2555232100098414,0.9406154281612972,0.24034907358855606,197846,186097,774278,0.5,0.1790855480847964,0.00201994632418847,0.6914810326685916,200529,4726,3162,1564,138662,0.015768292865371094,0.6690647482014388,66428,0.08579347469513533,31329,0.040462211247123125,33875,0.04375043588995167,7030,0.00907942625258628,0.239295889478211,x264_crf12,213674,892928,0.2252365252293578,nvenc_qp18,201120,892928
nvenc_qp28_bf2,ambush_5,h264_nvenc,bframes,False,B_naive,True,247295,245958,944.47872,40.74615421978885,22.0,28.168067226890756,36.0,1,17,32,50,1,1,,,,0,32,73352,5.917689947465324,11.403217087125752,67.73114024446359,0.09196092135650906,0.13287745484518354,81.97856583810983,0.2555232100098414,0.9406154281612972,0.24034907358855606,197846,186097,774278,1.0,0.18129922327639428,0.00129281730851193,0.6827692876389848,205598,4726,3725,1001,140376,0.01811788052412961,0.7881929750317394,67399,0.08704754623016539,31721,0.040968489353952975,34141,0.04409398174815764,7115,0.009189205944118262,0.24040684131307338,x264_crf12,214666,892928,0.22966241399082568,nvenc_qp18,205072,892928
nvenc_qp28_bf2,ambush_5,h264_nvenc,bframes,False,B_naive,True,247295,245958,944.47872,40.74615421978885,22.0,28.168067226890756,36.0,1,17,32,50,1,1,,,,0,32,73352,5.917689947465324,11.403217087125752,67.73114024446359,0.09196092135650906,0.13287745484518354,81.97856583810983,0.2555232100098414,0.9406154281612972,0.24034907358855606,197846,186097,774278,2.0,0.1888727304663183,0.0008149527689021256,0.6495744718653945,225132,4726,4095,631,146240,0.018189328927029475,0.8664832839610664,71860,0.09280904274692035,32520,0.0420004184543536,34502,0.04456022255572288,7358,0.009503046709321459,0.2446244266055046,x264_crf12,218432,892928,0.24081672878440366,nvenc_qp18,215032,892928
nvenc_qp28_bf2,ambush_5,h264_nvenc,bframes,False,B_scaled,True,247295,245958,944.47872,40.74615421978885,22.0,28.168067226890756,36.0,1,17,32,50,1,1,,,,0,32,73352,2.486279764442981,6.512893229497561,46.13936600098722,0.09196092135650906,0.13287745484518354,81.97856583810983,0.2555232100098414,0.9406154281612972,0.24034907358855606,197846,186097,774278,0.5,0.17955437194392712,0.0018197598278654437,0.6907902909244491,201255,4726,3317,1409,139025,0.01648157809743857,0.7018620397799408,66574,0.0859820374594138,31406,0.04056165873239327,33969,0.04387183931352821,7076,0.009138836438591823,0.2402366148222477,x264_crf12,214514,892928,0.2261145355504587,nvenc_qp18,201904,892928
nvenc_qp28_bf2,ambush_5,h264_nvenc,bframes,False,B_scaled,True,247295,245958,944.47872,40.74615421978885,22.0,28.168067226890756,36.0,1,17,32,50,1,1,,,,0,32,73352,2.486279764442981,6.512893229497561,46.13936600098722,0.09196092135650906,0.13287745484518354,81.97856583810983,0.2555232100098414,0.9406154281612972,0.24034907358855606,197846,186097,774278,1.0,0.18239185408858316,0.0009570206050023377,0.6768627601345846,208642,4726,3985,741,141222,0.019099701881692084,0.8432077867118071,67938,0.08774367862705643,31911,0.041213879252671524,34222,0.044198595336558705,7151,0.009235700872296514,0.24288856436353212,x264_crf12,216882,892928,0.23145427178899083,nvenc_qp18,206672,892928
nvenc_qp28_bf2,ambush_5,h264_nvenc,bframes,False,B_scaled,True,247295,245958,944.47872,40.74615421978885,22.0,28.168067226890756,36.0,1,17,32,50,1,1,,,,0,32,73352,2.486279764442981,6.512893229497561,46.13936600098722,0.09196092135650906,0.13287745484518354,81.97856583810983,0.2555232100098414,0.9406154281612972,0.24034907358855606,197846,186097,774278,2.0,0.19347185377861698,0.0007116307062837896,0.6312859520849575,237295,4726,4175,551,149801,0.01759413388398407,0.8834109183241642,74496,0.09621350471019453,33076,0.04271850678955104,34795,0.04493863961006254,7434,0.009601202668808878,0.2441742223337156,x264_crf12,218030,892928,0.2408996022075688,nvenc_qp18,215106,892928
nvenc_qp28_bf2,ambush_5,h264_nvenc,bframes,False,dgt1_naive,True,247295,245958,944.47872,40.74615421978885,22.0,28.168067226890756,36.0,1,17,32,50,1,1,,,,0,16,15414,9.629985546667987,14.962847119191231,85.81082603113104,0.061538136309825804,0.13409815797018354,45.71126297873221,0.06821885492273548,0.8445000568763508,0.05761082686228964,26373,22272,386594,0.5,0.030988582337025408,0.0032592332007222048,0.45183676548238666,26514,2273,1013,1260,11980,0.03820623067058912,0.4456665200175979,7968,0.020610769955043275,1777,0.004596553490224887,1587,0.00410508181710011,648,0.0016761770746571338,0.06177429759174312,x264_crf12,27580,446464,0.05793972190366972,nvenc_qp18,25868,446464
nvenc_qp28_bf2,ambush_5,h264_nvenc,bframes,False,dgt1_naive,True,247295,245958,944.47872,40.74615421978885,22.0,28.168067226890756,36.0,1,17,32,50,1,1,,,,0,16,15414,9.629985546667987,14.962847119191231,85.81082603113104,0.061538136309825804,0.13409815797018354,45.71126297873221,0.06821885492273548,0.8445000568763508,0.05761082686228964,26373,22272,386594,1.0,0.031314505657097626,0.00324888642865642,0.4532384874578809,26710,2273,1017,1256,12106,0.038075627105952824,0.4474263088429388,8014,0.0207297578337998,1792,0.00463535388547158,1643,0.004249936626021097,657,0.0016994573118051495,0.06429633744266056,x264_crf12,28706,446464,0.06135321100917431,nvenc_qp18,27392,446464
nvenc_qp28_bf2,ambush_5,h264_nvenc,bframes,False,dgt1_naive,True,247295,245958,944.47872,40.74615421978885,22.0,28.168067226890756,36.0,1,17,32,50,1,1,,,,0,16,15414,9.629985546667987,14.962847119191231,85.81082603113104,0.061538136309825804,0.13409815797018354,45.71126297873221,0.06821885492273548,0.8445000568763508,0.05761082686228964,26373,22272,386594,2.0,0.03205429985980124,0.003142832014982126,0.4403069926094372,28144,2273,1058,1215,12392,0.0375923820352473,0.4654641443026837,8226,0.021278136753286395,1832,0.004738821606129428,1652,0.004273216863169112,682,0.0017641246372163044,0.08309292574541284,x264_crf12,37098,446464,0.0818879013761468,nvenc_qp18,36560,446464
nvenc_qp28_bf2,ambush_5,h264_nvenc,bframes,False,dgt1_scaled,True,247295,245958,944.47872,40.74615421978885,22.0,28.168067226890756,36.0,1,17,32,50,1,1,,,,0,16,15414,2.1303165244330673,5.2413647812425355,42.25666208636497,0.061538136309825804,0.13409815797018354,45.71126297873221,0.06821885492273548,0.8445000568763508,0.05761082686228964,26373,22272,386594,0.5,0.031705096302581004,0.003223019498491958,0.4524547803617571,27090,2273,1027,1246,12257,0.03791066814322628,0.4518257809062912,8123,0.021011707372592437,1826,0.004723301448030751,1651,0.004270630170152666,657,0.0016994573118051495,0.06296588302752294,x264_crf12,28112,446464,0.0592209002293578,nvenc_qp18,26440,446464
nvenc_qp28_bf2,ambush_5,h264_nvenc,bframes,False,dgt1_scaled,True,247295,245958,944.47872,40.74615421978885,22.0,28.168067226890756,36.0,1,17,32,50,1,1,,,,0,16,15414,2.1303165244330673,5.2413647812425355,42.25666208636497,0.061538136309825804,0.13409815797018354,45.71126297873221,0.06821885492273548,0.8445000568763508,0.05761082686228964,26373,22272,386594,1.0,0.03374599709255705,0.0029979772060611393,0.43550540793163306,29956,2273,1114,1159,13046,0.03718787555080785,0.4901011878574571,8665,0.022413694987506273,1906,0.0049302368893464465,1739,0.0044982591555999315,736,0.001903806060104399,0.0695464807912844,x264_crf12,31050,446464,0.06595828555045871,nvenc_qp18,29448,446464
nvenc_qp28_bf2,ambush_5,h264_nvenc,bframes,False,dgt1_scaled,True,247295,245958,944.47872,40.74615421978885,22.0,28.168067226890756,36.0,1,17,32,50,1,1,,,,0,16,15414,2.1303165244330673,5.2413647812425355,42.25666208636497,0.061538136309825804,0.13409815797018354,45.71126297873221,0.06821885492273548,0.8445000568763508,0.05761082686228964,26373,22272,386594,2.0,0.0500887235704641,0.0025763462443804093,0.4460620580037318,43411,2273,1277,996,19364,0.02941650733685011,0.5618125824901012,13751,0.035569615669151615,2884,0.007460022659430824,1950,0.005044051382070079,779,0.0020150338598115855,0.0881683629587156,x264_crf12,39364,446464,0.08613908400229357,nvenc_qp18,38458,446464
nvenc_qp28_bf2,ambush_5,h264_nvenc,bframes,False,d1,True,247295,245958,944.47872,40.74615421978885,22.0,28.168067226890756,36.0,1,17,32,50,1,1,,,,0,1,911,54.17705783520673,47.698170364720745,90.63313096270599,0.3104066985645933,0.2498924885321101,38.603029000047776,0.17959008169700444,1.0,0.17959008169700444,3759,3759,20931,0.5,0.1811189145286895,0.0,1.0,3791,0,0,0,3791,0.0,,0,0.0,4,0.00019110410396063255,58,0.002771009507429172,3729,0.1781568009172997,0.1678612385321101,x264_crf12,4684,27904,0.1678612385321101,nvenc_qp18,4684,27904
nvenc_qp28_bf2,ambush_5,h264_nvenc,bframes,False,d1,True,247295,245958,944.47872,40.74615421978885,22.0,28.168067226890756,36.0,1,17,32,50,1,1,,,,0,1,911,54.17705783520673,47.698170364720745,90.63313096270599,0.3104066985645933,0.2498924885321101,38.603029000047776,0.17959008169700444,1.0,0.17959008169700444,3759,3759,20931,1.0,0.18446323634800058,0.0,1.0,3861,0,0,0,3861,0.0,,0,0.0,4,0.00019110410396063255,58,0.002771009507429172,3799,0.18150112273661076,0.16872133027522937,x264_crf12,4708,27904,0.1692947247706422,nvenc_qp18,4724,27904
nvenc_qp28_bf2,ambush_5,h264_nvenc,bframes,False,d1,True,247295,245958,944.47872,40.74615421978885,22.0,28.168067226890756,36.0,1,17,32,50,1,1,,,,0,1,911,54.17705783520673,47.698170364720745,90.63313096270599,0.3104066985645933,0.2498924885321101,38.603029000047776,0.17959008169700444,1.0,0.17959008169700444,3759,3759,20931,2.0,0.18446323634800058,0.0,1.0,3861,0,0,0,3861,0.0,,0,0.0,4,0.00019110410396063255,58,0.002771009507429172,3799,0.18150112273661076,0.1601204128440367,x264_crf12,4468,27904,0.16628440366972477,nvenc_qp18,4640,27904
nvenc_qp28_bf2,ambush_7,h264_nvenc,bframes,False,B_naive,True,135316,133979,514.47936,42.080566754227604,22.0,28.0,36.0,1,17,32,50,1,1,,,,0,32,101882,0.2571882169911849,2.7949798339635334,13.969112263160472,0.044657520008315146,0.02496281895068808,94.14613191705394,0.5307418238119632,0.03119346266046866,0.016555675263427508,462084,14414,870638,0.5,0.013185732761492147,0.1609130315929238,0.02053884041428344,558941,681651,541554,140097,11480,0.9688929600798654,0.7944740050260324,7753,0.008904963945979845,2493,0.002863417401951213,887,0.001018793114934106,347,0.0003985582986269839,0.42645991614105505,x264_crf12,380798,892928,0.39538462227637616,nvenc_qp18,353050,892928
nvenc_qp28_bf2,ambush_7,h264_nvenc,bframes,False,B_naive,True,135316,133979,514.47936,42.080566754227604,22.0,28.0,36.0,1,17,32,50,1,1,,,,0,32,101882,0.2571882169911849,2.7949798339635334,13.969112263160472,0.044657520008315146,0.02496281895068808,94.14613191705394,0.5307418238119632,0.03119346266046866,0.016555675263427508,462084,14414,870638,1.0,0.013689960695489974,0.12551370374369142,0.02017587663244492,590755,681651,572374,109277,11919,0.9688855786239643,0.839687758104954,8153,0.00936439714324438,2508,0.002880646146848633,904,0.0010383190258178485,354,0.00040659837957911324,0.3801224734805046,x264_crf12,339422,892928,0.3586470577694954,nvenc_qp18,320246,892928
nvenc_qp28_bf2,ambush_7,h264_nvenc,bframes,False,B_naive,True,135316,133979,514.47936,42.080566754227604,22.0,28.0,36.0,1,17,32,50,1,1,,,,0,32,101882,0.2571882169911849,2.7949798339635334,13.969112263160472,0.044657520008315146,0.02496281895068808,94.14613191705394,0.5307418238119632,0.03119346266046866,0.016555675263427508,462084,14414,870638,2.0,0.016801472023964037,0.09749631879150691,0.023565459879272933,620739,681651,596767,84884,14628,0.9613815146140327,0.8754729326297475,10604,0.012179574059482817,2674,0.0030713109237134146,979,0.0011244627503049487,371,0.00042612429046285597,0.3024431981077982,x264_crf12,270060,892928,0.3131607475630734,nvenc_qp18,279630,892928
nvenc_qp28_bf2,ambush_7,h264_nvenc,bframes,False,B_scaled,True,135316,133979,514.47936,42.080566754227604,22.0,28.0,36.0,1,17,32,50,1,1,,,,0,32,101882,0.23498941289717765,1.0860538232586467,7.7649093985105555,0.044657520008315146,0.02496281895068808,94.14613191705394,0.5307418238119632,0.03119346266046866,0.016555675263427508,462084,14414,870638,0.5,0.013329305635637315,0.14049926605546736,0.020112093945401862,577016,681651,559327,122324,11605,0.9693440043257032,0.8205474649050614,7877,0.00904738823713185,2493,0.002863417401951213,887,0.001018793114934106,348,0.0003997068816201452,0.4227821280103211,x264_crf12,377514,892928,0.3958639442373853,nvenc_qp18,353478,892928
nvenc_qp28_bf2,ambush_7,h264_nvenc,bframes,False,B_scaled,True,135316,133979,514.47936,42.080566754227604,22.0,28.0,36.0,1,17,32,50,1,1,,,,0,32,101882,0.23498941289717765,1.0860538232586467,7.7649093985105555,0.044657520008315146,0.02496281895068808,94.14613191705394,0.5307418238119632,0.03119346266046866,0.016555675263427508,462084,14414,870638,1.0,0.013948391868951275,0.1137349851488219,0.020187277560105524,601567,681651,582629,99022,12144,0.9685188848457446,0.8547321136475997,8361,0.009603302405821938,2525,0.0029001720577323756,904,0.0010383190258178485,354,0.00040659837957911324,0.3773473337155963,x264_crf12,336944,892928,0.3569246344610092,nvenc_qp18,318708,892928
nvenc_qp28_bf2,ambush_7,h264_nvenc,bframes,False,B_scaled,True,135316,133979,514.47936,42.080566754227604,22.0,28.0,36.0,1,17,32,50,1,1,,,,0,32,101882,0.23498941289717765,1.0860538232586467,7.7649093985105555,0.044657520008315146,0.02496281895068808,94.14613191705394,0.5307418238119632,0.03119346266046866,0.016555675263427508,462084,14414,870638,2.0,0.01823375501643622,0.08331246740895756,0.025000984290720108,634975,681651,609116,72535,15875,0.9592755620300012,0.8935892414153284,11786,0.013537199157399517,2711,0.003113808494460384,999,0.0011474344101681756,379,0.0004353129544081467,0.3005035120412844,x264_crf12,268328,892928,0.3112837765194954,nvenc_qp18,277954,892928
nvenc_qp28_bf2,ambush_7,h264_nvenc,bframes,False,dgt1_naive,True,135316,133979,514.47936,42.080566754227604,22.0,28.0,36.0,1,17,32,50,1,1,,,,0,16,20073,0.37875039869762606,5.472994973765125,31.635080181078802,0.044221179231446174,0.023085847907110102,60.23129286013981,0.23156340492070515,0.005554565436939345,0.0012862340854325391,100998,561,436157,0.5,0.0009033444378973626,0.5307698833218314,0.0033423820834747203,117880,348792,117293,231499,394,0.9950203596878181,0.3362835156769651,234,0.0005365040570253372,157,0.000359962123730675,3,6.878257141350477e-06,0,0.0,0.2731418434633027,x264_crf12,121948,446464,0.22901286553899083,nvenc_qp18,102246,446464
nvenc_qp28_bf2,ambush_7,h264_nvenc,bframes,False,dgt1_naive,True,135316,133979,514.47936,42.080566754227604,22.0,28.0,36.0,1,17,32,50,1,1,,,,0,16,20073,0.37875039869762606,5.472994973765125,31.635080181078802,0.044221179231446174,0.023085847907110102,60.23129286013981,0.23156340492070515,0.005554565436939345,0.0012862340854325391,100998,561,436157,1.0,0.0010386168283439221,0.4378515075993278,0.002857972038560541,158504,348792,157820,190972,453,0.995684651491445,0.4524759742195922,293,0.0006717764474718966,157,0.000359962123730675,3,6.878257141350477e-06,0,0.0,0.20876487241972477,x264_crf12,93206,446464,0.172645498853211,nvenc_qp18,77080,446464
nvenc_qp28_bf2,ambush_7,h264_nvenc,bframes,False,dgt1_naive,True,135316,133979,514.47936,42.080566754227604,22.0,28.0,36.0,1,17,32,50,1,1,,,,0,16,20073,0.37875039869762606,5.472994973765125,31.635080181078802,0.044221179231446174,0.023085847907110102,60.23129286013981,0.23156340492070515,0.005554565436939345,0.0012862340854325391,100998,561,436157,2.0,0.0014215064758790986,0.4079219180249314,0.0036077974978178644,171850,348792,170874,177918,620,0.994320628455048,0.4899022913369573,460,0.001054666095007073,157,0.000359962123730675,3,6.878257141350477e-06,0,0.0,0.19673254730504589,x264_crf12,87834,446464,0.1679015553325688,nvenc_qp18,74962,446464
nvenc_qp28_bf2,ambush_7,h264_nvenc,bframes,False,dgt1_scaled,True,135316,133979,514.47936,42.080566754227604,22.0,28.0,36.0,1,17,32,50,1,1,,,,0,16,20073,0.2610199853978892,1.3786044748056525,10.896953886288651,0.044221179231446174,0.023085847907110102,60.23129286013981,0.23156340492070515,0.005554565436939345,0.0012862340854325391,100998,561,436157,0.5,0.001210573256877684,0.4158021079565386,0.003138038013051385,168258,348792,167437,181355,528,0.9951205886198576,0.4800482809238744,368,0.0008437328760056586,157,0.000359962123730675,3,6.878257141350477e-06,0,0.0,0.2116273652522936,x264_crf12,94484,446464,0.1865906321674312,nvenc_qp18,83306,446464
nvenc_qp28_bf2,ambush_7,h264_nvenc,bframes,False,dgt1_scaled,True,135316,133979,514.47936,42.080566754227604,22.0,28.0,36.0,1,17,32,50,1,1,,,,0,16,20073,0.2610199853978892,1.3786044748056525,10.896953886288651,0.044221179231446174,0.023085847907110102,60.23129286013981,0.23156340492070515,0.005554565436939345,0.0012862340854325391,100998,561,436157,1.0,0.00202220759955704,0.3948234236754196,0.004952746752918583,178083,348792,176587,172205,882,0.9915994227410814,0.5062816807724948,719,0.0016484889615436644,159,0.0003645476284915753,3,6.878257141350477e-06,1,2.292752380450159e-06,0.19563951404816513,x264_crf12,87346,446464,0.1644835865825688,nvenc_qp18,73436,446464
nvenc_qp28_bf2,ambush_7,h264_nvenc,bframes,False,dgt1_scaled,True,135316,133979,514.47936,42.080566754227604,22.0,28.0,36.0,1,17,32,50,1,1,,,,0,16,20073,0.2610199853978892,1.3786044748056525,10.896953886288651,0.044221179231446174,0.023085847907110102,60.23129286013981,0.23156340492070515,0.005554565436939345,0.0012862340854325391,100998,561,436157,2.0,0.0051884986369587095,0.36758552539567174,0.011776705748885037,192159,348792,188467,160325,2263,0.980786744310701,0.540342095002179,2033,0.004661165589455173,196,0.0004493794665682312,17,3.8976790467652706e-05,17,3.8976790467652706e-05,0.1881316298738532,x264_crf12,83994,446464,0.16126272219036697,nvenc_qp18,71998,446464
nvenc_qp28_bf2,ambush_7,h264_nvenc,bframes,False,d1,True,135316,133979,514.47936,42.080566754227604,22.0,28.0,36.0,1,17,32,50,1,1,,,,0,1,1353,0.2256494960317302,0.7462188271451461,5.986185725249425,0.036242603550295856,0.0,75.41571100917432,0.6452121559633027,0.0,0.0,18004,0,27904,0.5,0.0,0.353927752293578,0.0,18028,27904,18028,9876,0,1.0,0.646072247706422,0,0.0,0,0.0,0,0.0,0,0.0,0.6276519495412844,x264_crf12,17514,27904,0.4716886467889908,nvenc_qp18,13162,27904
nvenc_qp28_bf2,ambush_7,h264_nvenc,bframes,False,d1,True,135316,133979,514.47936,42.080566754227604,22.0,28.0,36.0,1,17,32,50,1,1,,,,0,1,1353,0.2256494960317302,0.7462188271451461,5.986185725249425,0.036242603550295856,0.0,75.41571100917432,0.6452121559633027,0.0,0.0,18004,0,27904,1.0,0.0,0.34819380733944955,0.0,18188,27904,18188,9716,0,1.0,0.6518061926605505,0,0.0,0,0.0,0,0.0,0,0.0,0.6347477064220184,x264_crf12,17712,27904,0.42682052752293576,nvenc_qp18,11910,27904
nvenc_qp28_bf2,ambush_7,h264_nvenc,bframes,False,d1,True,135316,133979,514.47936,42.080566754227604,22.0,28.0,36.0,1,17,32,50,1,1,,,,0,1,1353,0.2256494960317302,0.7462188271451461,5.986185725249425,0.036242603550295856,0.0,75.41571100917432,0.6452121559633027,0.0,0.0,18004,0,27904,2.0,0.0,0.3100630733944954,0.0,19252,27904,19252,8652,0,1.0,0.6899369266055045,0,0.0,0,0.0,0,0.0,0,0.0,0.5671588302752294,x264_crf12,15826,27904,0.3739965596330275,nvenc_qp18,10436,27904
nvenc_qp28_bf2,bandage_2,h264_nvenc,bframes,False,B_naive,True,301232,299895,1151.5968,38.86745340471192,22.0,28.092174369747898,36.0,1,17,32,50,1,1,,,,0,32,119994,0.15800860474332915,2.2499197267113265,20.150240131440366,0.03109342313383336,0.02143061926605505,98.75576796308503,0.4801680491467077,0.07734402371969197,0.037138128982641176,419567,32451,873792,0.5,0.028035276129788324,0.06495710649674065,0.05290677332826518,463022,479533,422774,56759,24497,0.9130754046244023,0.8816369259258486,21072,0.024115578993627772,1794,0.002053120193364096,1434,0.0016411228301472203,197,0.0002254541126492346,0.10205750071674312,x264_crf12,91130,892928,0.09651170083142202,nvenc_qp18,86178,892928
nvenc_qp28_bf2,bandage_2,h264_nvenc,bframes,False,B_naive,True,301232,299895,1151.5968,38.86745340471192,22.0,28.092174369747898,36.0,1,17,32,50,1,1,,,,0,32,119994,0.15800860474332915,2.2499197267113265,20.150240131440366,0.03109342313383336,0.02143061926605505,98.75576796308503,0.4801680491467077,0.07734402371969197,0.037138128982641176,419567,32451,873792,1.0,0.03007008532923167,0.040154865231084746,0.05188073847368941,506450,479533,444446,35087,26275,0.8775713298449995,0.926830895892462,22824,0.0261206328279499,1819,0.0020817311213652675,1435,0.0016422672672672673,197,0.0002254541126492346,0.10706798308486239,x264_crf12,95604,892928,0.10314157468463303,nvenc_qp18,92098,892928
nvenc_qp28_bf2,bandage_2,h264_nvenc,bframes,False,B_naive,True,301232,299895,1151.5968,38.86745340471192,22.0,28.092174369747898,36.0,1,17,32,50,1,1,,,,0,32,119994,0.15800860474332915,2.2499197267113265,20.150240131440366,0.03109342313383336,0.02143061926605505,98.75576796308503,0.4801680491467077,0.07734402371969197,0.037138128982641176,419567,32451,873792,2.0,0.038465676041895554,0.023499871823042556,0.057204467976832964,587559,479533,458999,20534,33611,0.7811964415488487,0.9571791722363215,30009,0.03434341353548671,1923,0.002200752581850143,1482,0.0016960558119094703,197,0.0002254541126492346,0.10953178755733944,x264_crf12,97804,892928,0.10908606293004587,nvenc_qp18,97406,892928
nvenc_qp28_bf2,bandage_2,h264_nvenc,bframes,False,B_scaled,True,301232,299895,1151.5968,38.86745340471192,22.0,28.092174369747898,36.0,1,17,32,50,1,1,,,,0,32,119994,0.09449921266751661,0.7154262317280653,6.181541475333867,0.03109342313383336,0.02143061926605505,98.75576796308503,0.4801680491467077,0.07734402371969197,0.037138128982641176,419567,32451,873792,0.5,0.029097313777191824,0.05256514136087307,0.05337148231026622,476378,479533,433602,45931,25425,0.9102057609713294,0.9042172280114195,21995,0.02517189445543104,1799,0.0020588423789643304,1434,0.0016411228301472203,197,0.0002254541126492346,0.09789591098050458,x264_crf12,87414,892928,0.09304893563646789,nvenc_qp18,83086,892928
nvenc_qp28_bf2,bandage_2,h264_nvenc,bframes,False,B_scaled,True,301232,299895,1151.5968,38.86745340471192,22.0,28.092174369747898,36.0,1,17,32,50,1,1,,,,0,32,119994,0.09449921266751661,0.7154262317280653,6.181541475333867,0.03109342313383336,0.02143061926605505,98.75576796308503,0.4801680491467077,0.07734402371969197,0.037138128982641176,419567,32451,873792,1.0,0.030815113894382188,0.03112868966527503,0.05100152478004338,527945,479533,452333,27200,26926,0.8567805358512723,0.9432781476978643,23473,0.026863372518860323,1821,0.0020840199956053615,1435,0.0016422672672672673,197,0.0002254541126492346,0.09810645427178899,x264_crf12,87602,892928,0.0950401376146789,nvenc_qp18,84864,892928
nvenc_qp28_bf2,bandage_2,h264_nvenc,bframes,False,B_scaled,True,301232,299895,1151.5968,38.86745340471192,22.0,28.092174369747898,36.0,1,17,32,50,1,1,,,,0,32,119994,0.09449921266751661,0.7154262317280653,6.181541475333867,0.03109342313383336,0.02143061926605505,98.75576796308503,0.4801680491467077,0.07734402371969197,0.037138128982641176,419567,32451,873792,2.0,0.04217250787372739,0.019041144803339925,0.058986425918811626,624720,479533,462895,16638,36850,0.740963951850429,0.9653037434337157,33150,0.03793809052955394,2021,0.0023129074196147365,1482,0.0016960558119094703,197,0.0002254541126492346,0.08065823896215596,x264_crf12,72022,892928,0.08157432626146789,nvenc_qp18,72840,892928
nvenc_qp28_bf2,bandage_2,h264_nvenc,bframes,False,dgt1_naive,True,301232,299895,1151.5968,38.86745340471192,22.0,28.092174369747898,36.0,1,17,32,50,1,1,,,,0,16,36458,0.40482951201746464,3.428180284122632,31.822802140812346,0.01708669765924476,0.020872903526376163,87.9817909389333,0.42068878747326405,0.02382790834248676,0.010024133868624828,183902,4382,437145,0.5,0.006283956124398083,0.11459584348442736,0.014068709796369894,195256,238981,188886,50095,2747,0.9673761625763101,0.7903808252538905,2739,0.006265655560511958,4,9.150281943062371e-06,4,9.150281943062371e-06,0,0.0,0.09616004873853211,x264_crf12,42932,446464,0.0891807626146789,nvenc_qp18,39816,446464
nvenc_qp28_bf2,bandage_2,h264_nvenc,bframes,False,dgt1_naive,True,301232,299895,1151.5968,38.86745340471192,22.0,28.092174369747898,36.0,1,17,32,50,1,1,,,,0,16,36458,0.40482951201746464,3.428180284122632,31.822802140812346,0.01708669765924476,0.020872903526376163,87.9817909389333,0.42068878747326405,0.02382790834248676,0.010024133868624828,183902,4382,437145,1.0,0.006453236340344737,0.08010843084102529,0.013362955103123549,211106,238981,203962,35019,2821,0.9661591806959537,0.8534653382486473,2809,0.00642578549451555,8,1.8300563886124742e-05,4,9.150281943062371e-06,0,0.0,0.10748011037844037,x264_crf12,47986,446464,0.10114141341743119,nvenc_qp18,45156,446464
nvenc_qp28_bf2,bandage_2,h264_nvenc,bframes,False,dgt1_naive,True,301232,299895,1151.5968,38.86745340471192,22.0,28.092174369747898,36.0,1,17,32,50,1,1,,,,0,16,36458,0.40482951201746464,3.428180284122632,31.822802140812346,0.01708669765924476,0.020872903526376163,87.9817909389333,0.42068878747326405,0.02382790834248676,0.010024133868624828,183902,4382,437145,2.0,0.007443754360681239,0.05583044527559505,0.014342952603021101,226871,238981,214575,24406,3254,0.9458017992603727,0.897874726442688,3224,0.0073751272461082705,25,5.7189262144139814e-05,5,1.1437852428827963e-05,0,0.0,0.17886324541284404,x264_crf12,79856,446464,0.1752884891055046,nvenc_qp18,78260,446464
nvenc_qp28_bf2,bandage_2,h264_nvenc,bframes,False,dgt1_scaled,True,301232,299895,1151.5968,38.86745340471192,22.0,28.092174369747898,36.0,1,17,32,50,1,1,,,,0,16,36458,0.10347739016391602,0.6674177606921107,5.265941998921296,0.01708669765924476,0.020872903526376163,87.9817909389333,0.42068878747326405,0.02382790834248676,0.010024133868624828,183902,4382,437145,0.5,0.006885587162154434,0.06697320111175925,0.013751764657507961,218881,238981,209704,29277,3010,0.9580731082186211,0.8774923529485608,2989,0.006837548181953357,16,3.6601127772249484e-05,5,1.1437852428827963e-05,0,0.0,0.06867742975917432,x264_crf12,30662,446464,0.06417090739678899,nvenc_qp18,28650,446464
nvenc_qp28_bf2,bandage_2,h264_nvenc,bframes,False,dgt1_scaled,True,301232,299895,1151.5968,38.86745340471192,22.0,28.092174369747898,36.0,1,17,32,50,1,1,,,,0,16,36458,0.10347739016391602,0.6674177606921107,5.265941998921296,0.01708669765924476,0.020872903526376163,87.9817909389333,0.42068878747326405,0.02382790834248676,0.010024133868624828,183902,4382,437145,1.0,0.008672179711537362,0.046224936805865334,0.015536694220972693,244003,238981,218774,20207,3791,0.8966037302820047,0.9154451609123738,3761,0.008603552596964393,25,5.7189262144139814e-05,5,1.1437852428827963e-05,0,0.0,0.07652576691513761,x264_crf12,34166,446464,0.0739410120412844,nvenc_qp18,33012,446464
nvenc_qp28_bf2,bandage_2,h264_nvenc,bframes,False,dgt1_scaled,True,301232,299895,1151.5968,38.86745340471192,22.0,28.092174369747898,36.0,1,17,32,50,1,1,,,,0,16,36458,0.10347739016391602,0.6674177606921107,5.265941998921296,0.01708669765924476,0.020872903526376163,87.9817909389333,0.42068878747326405,0.02382790834248676,0.010024133868624828,183902,4382,437145,2.0,0.01567443296846584,0.034713882121492866,0.023717713518265963,288898,238981,223806,15175,6852,0.7746886444350601,0.9365012281311067,6675,0.01526953299248533,164,0.0003751615596655572,13,2.9738416314952705e-05,0,0.0,0.07064399369266056,x264_crf12,31540,446464,0.07098444667431193,nvenc_qp18,31692,446464
nvenc_qp28_bf2,bandage_2,h264_nvenc,bframes,False,d1,True,301232,299895,1151.5968,38.86745340471192,22.0,28.092174369747898,36.0,1,17,32,50,1,1,,,,0,1,2533,0.12822081837374524,1.0707954147447059,10.098688657563876,0.04283126293995859,0.004622993119266061,99.25832583258325,0.5387218721872187,0.030608835126645726,0.016489648964896488,14963,458,27775,0.5,0.0030603060306030605,0.13162916291629162,0.005069179389312977,16768,19369,15713,3656,85,0.937082538167939,0.8112447725747328,85,0.0030603060306030605,0,0.0,0,0.0,0,0.0,0.12915711009174313,x264_crf12,3604,27904,0.12220470183486239,nvenc_qp18,3410,27904
nvenc_qp28_bf2,bandage_2,h264_nvenc,bframes,False,d1,True,301232,299895,1151.5968,38.86745340471192,22.0,28.092174369747898,36.0,1,17,32,50,1,1,,,,0,1,2533,0.12822081837374524,1.0707954147447059,10.098688657563876,0.04283126293995859,0.004622993119266061,99.25832583258325,0.5387218721872187,0.030608835126645726,0.016489648964896488,14963,458,27775,1.0,0.003924392439243925,0.06235823582358236,0.005347855951329605,20382,19369,17637,1732,109,0.8653223432440389,0.9105787598740255,109,0.003924392439243925,0,0.0,0,0.0,0,0.0,0.10134747706422019,x264_crf12,2828,27904,0.09962729357798165,nvenc_qp18,2780,27904
nvenc_qp28_bf2,bandage_2,h264_nvenc,bframes,False,d1,True,301232,299895,1151.5968,38.86745340471192,22.0,28.092174369747898,36.0,1,17,32,50,1,1,,,,0,1,2533,0.12822081837374524,1.0707954147447059,10.098688657563876,0.04283126293995859,0.004622993119266061,99.25832583258325,0.5387218721872187,0.030608835126645726,0.016489648964896488,14963,458,27775,2.0,0.009072907290729073,0.03963996399639964,0.010738483828354711,23467,19369,18268,1101,252,0.7784548514935867,0.9431565904280035,252,0.009072907290729073,0,0.0,0,0.0,0,0.0,0.08887614678899082,x264_crf12,2480,27904,0.09288990825688073,nvenc_qp18,2592,27904
nvenc_qp28_bf2_bqeq,alley_1,h264_nvenc,bframes,False,B_naive,True,277490,276153,1060.42752,40.99901880676654,22.0,28.0,28.0,1,17,32,50,1,1,,,,0,32,104924,2.0658500613573714,3.576604564359417,35.783919037768335,0.03963788201425156,0.018322865897362428,98.53496652281001,0.0417823166968412,0.9179249146757679,0.03835302948890387,36625,33619,876567,0.5,0.017164689065410858,0.0013826666986094618,0.3868264088852324,38896,1537,325,1212,15046,0.008355614973262033,0.2114508783344177,11887,0.013560857298985702,3011,0.0034349912784761463,118,0.0001346160647161027,30,3.422442323290747e-05,0.04716393706995413,x264_crf12,42114,892928,0.04712362026949541,nvenc_qp18,42078,892928
nvenc_qp28_bf2_bqeq,alley_1,h264_nvenc,bframes,False,B_naive,True,277490,276153,1060.42752,40.99901880676654,22.0,28.0,28.0,1,17,32,50,1,1,,,,0,32,104924,2.0658500613573714,3.576604564359417,35.783919037768335,0.03963788201425156,0.018322865897362428,98.53496652281001,0.0417823166968412,0.9179249146757679,0.03835302948890387,36625,33619,876567,1.0,0.017943865101013385,0.0008772860488701948,0.26175300793796075,60091,1537,768,769,15729,0.012780616065633788,0.4996746909564086,12556,0.014324061937079538,3025,0.0034509626759848364,118,0.0001346160647161027,30,3.422442323290747e-05,0.10711501935206422,x264_crf12,95646,892928,0.10359177895642202,nvenc_qp18,92500,892928
nvenc_qp28_bf2_bqeq,alley_1,h264_nvenc,bframes,False,B_naive,True,277490,276153,1060.42752,40.99901880676654,22.0,28.0,28.0,1,17,32,50,1,1,,,,0,32,104924,2.0658500613573714,3.576604564359417,35.783919037768335,0.03963788201425156,0.018322865897362428,98.53496652281001,0.0417823166968412,0.9179249146757679,0.03835302948890387,36625,33619,876567,2.0,0.02363652749875366,0.00027265457175549613,0.05356764275483347,386782,1537,1298,239,20719,0.003355895569080257,0.8445022771633052,17463,0.019922036763875436,3108,0.0035456502469292136,118,0.0001346160647161027,30,3.422442323290747e-05,0.3754143671158257,x264_crf12,335218,892928,0.37365386682912843,nvenc_qp18,333646,892928
nvenc_qp28_bf2_bqeq,alley_1,h264_nvenc,bframes,False,B_scaled,True,277490,276153,1060.42752,40.99901880676654,22.0,28.0,28.0,1,17,32,50,1,1,,,,0,32,104924,0.14876335819694947,0.6854636154548944,5.475108077642483,0.03963788201425156,0.018322865897362428,98.53496652281001,0.0417823166968412,0.9179249146757679,0.03835302948890387,36625,33619,876567,0.5,0.017178378834704022,0.0012720077301563942,0.3771571696931747,39925,1537,422,1115,15058,0.010569818409517847,0.2745608327911516,11895,0.01356998381184781,3015,0.0034395545349072006,118,0.0001346160647161027,30,3.422442323290747e-05,0.04797475272362385,x264_crf12,42838,892928,0.04797475272362385,nvenc_qp18,42838,892928
nvenc_qp28_bf2_bqeq,alley_1,h264_nvenc,bframes,False,B_scaled,True,277490,276153,1060.42752,40.99901880676654,22.0,28.0,28.0,1,17,32,50,1,1,,,,0,32,104924,0.14876335819694947,0.6854636154548944,5.475108077642483,0.03963788201425156,0.018322865897362428,98.53496652281001,0.0417823166968412,0.9179249146757679,0.03835302948890387,36625,33619,876567,1.0,0.018396768301795527,0.0005567172845886281,0.1804388448154323,89371,1537,1049,488,16126,0.011737588255698157,0.682498373454782,12948,0.014771261067322863,3030,0.0034566667465236543,118,0.0001346160647161027,30,3.422442323290747e-05,0.11780569094036697,x264_crf12,105192,892928,0.11278176963876146,nvenc_qp18,100706,892928
nvenc_qp28_bf2_bqeq,alley_1,h264_nvenc,bframes,False,B_scaled,True,277490,276153,1060.42752,40.99901880676654,22.0,28.0,28.0,1,17,32,50,1,1,,,,0,32,104924,0.14876335819694947,0.6854636154548944,5.475108077642483,0.03963788201425156,0.018322865897362428,98.53496652281001,0.0417823166968412,0.9179249146757679,0.03835302948890387,36625,33619,876567,2.0,0.02599915351593204,0.00020876898172073554,0.03417836939633711,666796,1537,1354,183,22790,0.0020306060624238897,0.8809368900455433,19500,0.022245875101389853,3142,0.0035844379265931752,118,0.0001346160647161027,30,3.422442323290747e-05,0.10356938073394495,x264_crf12,92480,892928,0.1051551748853211,nvenc_qp18,93896,892928
nvenc_qp28_bf2_bqeq,alley_1,h264_nvenc,bframes,False,dgt1_naive,True,277490,276153,1060.42752,40.99901880676654,22.0,28.0,28.0,1,17,32,50,1,1,,,,0,16,32223,2.7219572087481096,4.6154959546030305,35.603414629264535,0.02388441700531416,0.01869579630160545,91.17290586761071,0.004309351155056754,0.7764830508474576,0.003346138132051484,1888,1466,438117,0.5,0.0016274191597221747,0.0016251366644069963,0.34344894026974954,2076,727,15,712,713,0.0072254335260115606,0.02063273727647868,713,0.0016274191597221747,0,0.0,0,0.0,0,0.0,0.007696029243119266,x264_crf12,3436,446464,0.008233586582568807,nvenc_qp18,3676,446464
nvenc_qp28_bf2_bqeq,alley_1,h264_nvenc,bframes,False,dgt1_naive,True,277490,276153,1060.42752,40.99901880676654,22.0,28.0,28.0,1,17,32,50,1,1,,,,0,16,32223,2.7219572087481096,4.6154959546030305,35.603414629264535,0.02388441700531416,0.01869579630160545,91.17290586761071,0.004309351155056754,0.7764830508474576,0.003346138132051484,1888,1466,438117,1.0,0.001673069066025742,0.0015201418799087915,0.2526714925887625,2901,727,61,666,733,0.02102723198896932,0.08390646492434663,733,0.001673069066025742,0,0.0,0,0.0,0,0.0,0.07395445097477064,x264_crf12,33018,446464,0.07030802035550458,nvenc_qp18,31390,446464
nvenc_qp28_bf2_bqeq,alley_1,h264_nvenc,bframes,False,dgt1_naive,True,277490,276153,1060.42752,40.99901880676654,22.0,28.0,28.0,1,17,32,50,1,1,,,,0,16,32223,2.7219572087481096,4.6154959546030305,35.603414629264535,0.02388441700531416,0.01869579630160545,91.17290586761071,0.004309351155056754,0.7764830508474576,0.003346138132051484,1888,1466,438117,2.0,0.002022290849248032,0.0013535197219007708,0.18871139510117146,4695,727,134,593,886,0.028541001064962726,0.1843191196698762,883,0.002015443363302497,3,6.847485945535097e-06,0,0.0,0,0.0,0.7151707640481652,x264_crf12,319298,446464,0.7089574971330275,nvenc_qp18,316524,446464
nvenc_qp28_bf2_bqeq,alley_1,h264_nvenc,bframes,False,dgt1_scaled,True,277490,276153,1060.42752,40.99901880676654,22.0,28.0,28.0,1,17,32,50,1,1,,,,0,16,32223,0.07203474072680321,0.526009265250792,4.320326651521671,0.02388441700531416,0.01869579630160545,91.17290586761071,0.004309351155056754,0.7764830508474576,0.003346138132051484,1888,1466,438117,0.5,0.001748391411426628,0.0014151470954105866,0.20837867247007616,3676,727,107,620,766,0.02910772578890098,0.14718019257221457,766,0.001748391411426628,0,0.0,0,0.0,0,0.0,0.010988567947247707,x264_crf12,4906,446464,0.011418613818807339,nvenc_qp18,5098,446464
nvenc_qp28_bf2_bqeq,alley_1,h264_nvenc,bframes,False,dgt1_scaled,True,277490,276153,1060.42752,40.99901880676654,22.0,28.0,28.0,1,17,32,50,1,1,,,,0,16,32223,0.07203474072680321,0.526009265250792,4.320326651521671,0.02388441700531416,0.01869579630160545,91.17290586761071,0.004309351155056754,0.7764830508474576,0.003346138132051484,1888,1466,438117,1.0,0.0025426997811086993,0.0012416774514570309,0.03174784120379606,35089,727,183,544,1114,0.005215309641198096,0.2517193947730399,1105,0.002522157323272094,9,2.054245783660529e-05,0,0.0,0,0.0,0.08805637184633028,x264_crf12,39314,446464,0.08158776519495413,nvenc_qp18,36426,446464
nvenc_qp28_bf2_bqeq,alley_1,h264_nvenc,bframes,False,dgt1_scaled,True,277490,276153,1060.42752,40.99901880676654,22.0,28.0,28.0,1,17,32,50,1,1,,,,0,16,32223,0.07203474072680321,0.526009265250792,4.320326651521671,0.02388441700531416,0.01869579630160545,91.17290586761071,0.004309351155056754,0.7764830508474576,0.003346138132051484,1888,1466,438117,2.0,0.011031299858257041,0.0009152806213865246,0.015055558843777938,321011,727,326,401,4833,0.0010155415234991947,0.4484181568088033,4684,0.010691208056295464,145,0.000330961820700863,1,2.2824953151783655e-06,3,6.847485945535097e-06,0.09423828125,x264_crf12,42074,446464,0.10070240825688073,nvenc_qp18,44960,446464
nvenc_qp28_bf2_bqeq,alley_1,h264_nvenc,bframes,False,d1,True,277490,276153,1060.42752,40.99901880676654,22.0,28.0,28.0,1,17,32,50,1,1,,,,0,1,2180,0.1755312713599765,0.5735918646590866,3.3762772101288316,0.05420168067226891,0.01017775229357798,97.85300506879074,0.04543808834178132,0.499601593625498,0.02270094134685011,1255,627,27620,0.5,0.00043446777697320784,0.0002896451846488052,0.009295120061967466,1291,8,0,8,12,0.0,0.0,12,0.00043446777697320784,0,0.0,0,0.0,0,0.0,0.048236811926605505,x264_crf12,1346,27904,0.051892201834862386,nvenc_qp18,1448,27904
nvenc_qp28_bf2_bqeq,alley_1,h264_nvenc,bframes,False,d1,True,277490,276153,1060.42752,40.99901880676654,22.0,28.0,28.0,1,17,32,50,1,1,,,,0,1,2180,0.1755312713599765,0.5735918646590866,3.3762772101288316,0.05420168067226891,0.01017775229357798,97.85300506879074,0.04543808834178132,0.499601593625498,0.02270094134685011,1255,627,27620,1.0,0.0006879073135409124,0.00025343953656770454,0.002465931213497729,7705,8,1,7,19,0.00012978585334198572,0.125,19,0.0006879073135409124,0,0.0,0,0.0,0,0.0,0.27687786697247707,x264_crf12,7726,27904,0.2556622706422018,nvenc_qp18,7134,27904
nvenc_qp28_bf2_bqeq,alley_1,h264_nvenc,bframes,False,d1,True,277490,276153,1060.42752,40.99901880676654,22.0,28.0,28.0,1,17,32,50,1,1,,,,0,1,2180,0.1755312713599765,0.5735918646590866,3.3762772101288316,0.05420168067226891,0.01017775229357798,97.85300506879074,0.04543808834178132,0.499601593625498,0.02270094134685011,1255,627,27620,2.0,0.0012671976828385228,0.0001448225923244026,0.0016136468418626094,21690,8,4,4,35,0.00018441678192715537,0.5,35,0.0012671976828385228,0,0.0,0,0.0,0,0.0,0.042789564220183485,x264_crf12,1194,27904,0.043721330275229356,nvenc_qp18,1220,27904
nvenc_qp28_bf2_bqeq,ambush_5,h264_nvenc,bframes,False,B_naive,True,369677,368340,1414.4256,42.76247456964521,22.0,28.0,28.0,1,17,32,50,1,1,,,,0,32,66451,5.937822064672791,11.852481518846893,65.58588561999437,0.08167941752596371,0.13287745484518354,75.06399510253424,0.15271775770459706,0.9051130693638686,0.13822683842237543,118246,107026,774278,0.5,0.0857741018083944,0.0021645972118541404,0.5394606449516692,123110,4726,3050,1676,66413,0.024774591828446105,0.6453660600931019,41183,0.05318890631013667,13682,0.017670655759300925,10464,0.013514525790478356,1084,0.0014000139484784534,0.13914447749426606,x264_crf12,124246,892928,0.12750412127293578,nvenc_qp18,113852,892928
nvenc_qp28_bf2_bqeq,ambush_5,h264_nvenc,bframes,False,B_naive,True,369677,368340,1414.4256,42.76247456964521,22.0,28.0,28.0,1,17,32,50,1,1,,,,0,32,66451,5.937822064672791,11.852481518846893,65.58588561999437,0.08167941752596371,0.13287745484518354,75.06399510253424,0.15271775770459706,0.9051130693638686,0.13822683842237543,118246,107026,774278,1.0,0.08772947184344641,0.0016040750221496672,0.5320222123013542,127677,4726,3484,1242,67927,0.027287608574762878,0.7371984765129074,42176,0.054471391412386765,13893,0.017943167699456784,10758,0.013894234370600741,1100,0.0014206783610021206,0.14043237528669725,x264_crf12,125396,892928,0.1321472727924312,nvenc_qp18,117998,892928
nvenc_qp28_bf2_bqeq,ambush_5,h264_nvenc,bframes,False,B_naive,True,369677,368340,1414.4256,42.76247456964521,22.0,28.0,28.0,1,17,32,50,1,1,,,,0,32,66451,5.937822064672791,11.852481518846893,65.58588561999437,0.08167941752596371,0.13287745484518354,75.06399510253424,0.15271775770459706,0.9051130693638686,0.13822683842237543,118246,107026,774278,2.0,0.09512216542378836,0.0010319291004006314,0.5006117371976999,147122,4726,3927,799,73651,0.02669213305963758,0.8309352517985612,46354,0.05986738613262937,14794,0.019106832429695794,11336,0.014640736273018219,1167,0.0015072105884449771,0.14863460435779816,x264_crf12,132720,892928,0.1450240108944954,nvenc_qp18,129496,892928
nvenc_qp28_bf2_bqeq,ambush_5,h264_nvenc,bframes,False,B_scaled,True,369677,368340,1414.4256,42.76247456964521,22.0,28.0,28.0,1,17,32,50,1,1,,,,0,32,66451,2.1836379367609604,5.640671900708786,43.0248118485129,0.08167941752596371,0.13287745484518354,75.06399510253424,0.15271775770459706,0.9051130693638686,0.13822683842237543,118246,107026,774278,0.5,0.08613443750177585,0.002041902262494866,0.5388991240828728,123756,4726,3145,1581,66692,0.02541290927308575,0.6654676258992805,41323,0.053369719919718756,13773,0.01778818460552928,10512,0.013576519028049357,1084,0.0014000139484784534,0.13983210292431192,x264_crf12,124860,892928,0.12811111310206422,nvenc_qp18,114394,892928
nvenc_qp28_bf2_bqeq,ambush_5,h264_nvenc,bframes,False,B_scaled,True,369677,368340,1414.4256,42.76247456964521,22.0,28.0,28.0,1,17,32,50,1,1,,,,0,32,66451,2.1836379367609604,5.640671900708786,43.0248118485129,0.08167941752596371,0.13287745484518354,75.06399510253424,0.15271775770459706,0.9051130693638686,0.13822683842237543,118246,107026,774278,1.0,0.08858962801474406,0.001300566463208305,0.5267349085798976,130223,4726,3719,1007,68593,0.028558703147677444,0.786923402454507,42574,0.05498541867391299,14100,0.018210513536481728,10795,0.01394202082456172,1124,0.0014516749797876215,0.14256020642201836,x264_crf12,127296,892928,0.13395256952408258,nvenc_qp18,119610,892928
nvenc_qp28_bf2_bqeq,ambush_5,h264_nvenc,bframes,False,B_scaled,True,369677,368340,1414.4256,42.76247456964521,22.0,28.0,28.0,1,17,32,50,1,1,,,,0,32,66451,2.1836379367609604,5.640671900708786,43.0248118485129,0.08167941752596371,0.13287745484518354,75.06399510253424,0.15271775770459706,0.9051130693638686,0.13822683842237543,118246,107026,774278,2.0,0.09962959040551327,0.0009234409346513784,0.4871827258890622,158341,4726,4011,715,77141,0.02533140500565236,0.8487092678798138,48621,0.06279527508207647,15635,0.020193005612971052,11659,0.01505789910083975,1226,0.001583410609626,0.14909152809633028,x264_crf12,133128,892928,0.14570043721330275,nvenc_qp18,130100,892928
nvenc_qp28_bf2_bqeq,ambush_5,h264_nvenc,bframes,False,dgt1_naive,True,369677,368340,1414.4256,42.76247456964521,22.0,28.0,28.0,1,17,32,50,1,1,,,,0,16,15431,9.553852597186289,14.602709592506006,85.78696200252116,0.06199324324324324,0.13409815797018354,45.74618333445424,0.07024940894064574,0.8449075778776052,0.05935425795537437,27158,22946,386594,0.5,0.031071356513551685,0.0030678179175051864,0.44093678878202774,27242,2273,1087,1186,12012,0.03990162249467734,0.47822261328640564,8006,0.02070906428966823,1728,0.004469805532419023,1650,0.00426804347713622,628,0.00162444321432821,0.06296588302752294,x264_crf12,28112,446464,0.05801139621559633,nvenc_qp18,25900,446464
nvenc_qp28_bf2_bqeq,ambush_5,h264_nvenc,bframes,False,dgt1_naive,True,369677,368340,1414.4256,42.76247456964521,22.0,28.0,28.0,1,17,32,50,1,1,,,,0,16,15431,9.553852597186289,14.602709592506006,85.78696200252116,0.06199324324324324,0.13409815797018354,45.74618333445424,0.07024940894064574,0.8449075778776052,0.05935425795537437,27158,22946,386594,1.0,0.03120327785739044,0.0030574711454394014,0.4405931553380328,27379,2273,1091,1182,12063,0.03984805873114431,0.4799824021117466,8033,0.020778905001112277,1728,0.004469805532419023,1674,0.004330124109530929,628,0.00162444321432821,0.06519226634174312,x264_crf12,29106,446464,0.06143384461009174,nvenc_qp18,27428,446464
nvenc_qp28_bf2_bqeq,ambush_5,h264_nvenc,bframes,False,dgt1_naive,True,369677,368340,1414.4256,42.76247456964521,22.0,28.0,28.0,1,17,32,50,1,1,,,,0,16,15431,9.553852597186289,14.602709592506006,85.78696200252116,0.06199324324324324,0.13409815797018354,45.74618333445424,0.07024940894064574,0.8449075778776052,0.05935425795537437,27158,22946,386594,2.0,0.03188357812071579,0.0029514167317651074,0.4319758884138221,28534,2273,1132,1141,12326,0.0396719702810682,0.49802023757149144,8245,0.02132728392059887,1769,0.004575859946093317,1683,0.004353404346678945,629,0.0016270299073446561,0.0832497133027523,x264_crf12,37168,446464,0.08165943950688073,nvenc_qp18,36458,446464
nvenc_qp28_bf2_bqeq,ambush_5,h264_nvenc,bframes,False,dgt1_scaled,True,369677,368340,1414.4256,42.76247456964521,22.0,28.0,28.0,1,17,32,50,1,1,,,,0,16,15431,2.1284590086923836,5.146984905555658,42.41175940932829,0.06199324324324324,0.13409815797018354,45.74618333445424,0.07024940894064574,0.8449075778776052,0.05935425795537437,27158,22946,386594,0.5,0.031702509609564555,0.0030316042152749396,0.440784031648984,27805,2273,1101,1172,12256,0.03959719474914584,0.484381874175099,8192,0.021190189190727224,1752,0.004531886164813732,1683,0.004353404346678945,629,0.0016270299073446561,0.06411715166284404,x264_crf12,28626,446464,0.059216420584862386,nvenc_qp18,26438,446464
nvenc_qp28_bf2_bqeq,ambush_5,h264_nvenc,bframes,False,dgt1_scaled,True,369677,368340,1414.4256,42.76247456964521,22.0,28.0,28.0,1,17,32,50,1,1,,,,0,16,15431,2.1284590086923836,5.146984905555658,42.41175940932829,0.06199324324324324,0.13409815797018354,45.74618333445424,0.07024940894064574,0.8449075778776052,0.05935425795537437,27158,22946,386594,1.0,0.03349250117694532,0.0028065619228441205,0.42642603082597813,30364,2273,1188,1085,12948,0.039125279936767225,0.5226572811262649,8616,0.02228694702970041,1900,0.004914716731247769,1757,0.004544819629895963,675,0.001746017786101181,0.07026770355504587,x264_crf12,31372,446464,0.06607923595183486,nvenc_qp18,29502,446464
nvenc_qp28_bf2_bqeq,ambush_5,h264_nvenc,bframes,False,dgt1_scaled,True,369677,368340,1414.4256,42.76247456964521,22.0,28.0,28.0,1,17,32,50,1,1,,,,0,16,15431,2.1284590086923836,5.146984905555658,42.41175940932829,0.06199324324324324,0.13409815797018354,45.74618333445424,0.07024940894064574,0.8449075778776052,0.05935425795537437,27158,22946,386594,2.0,0.049824880882786596,0.0026306667977257794,0.44159655196130126,43619,2273,1256,1017,19262,0.02879479126068915,0.5525736911570611,13494,0.034904835563924944,2990,0.007734212119174121,2029,0.005248400130369328,749,0.0019374330693181995,0.0897004013761468,x264_crf12,40048,446464,0.08728587299311927,nvenc_qp18,38970,446464
nvenc_qp28_bf2_bqeq,ambush_5,h264_nvenc,bframes,False,d1,True,369677,368340,1414.4256,42.76247456964521,22.0,28.0,28.0,1,17,32,50,1,1,,,,0,1,934,54.949088772190265,49.02728937030245,91.20151371807,0.33016476552598223,0.2498924885321101,36.77320720462472,0.18895418279107543,1.0,0.18895418279107543,3955,3955,20931,0.5,0.18971859920691797,0.0,1.0,3971,0,0,0,3971,0.0,,0,0.0,2,9.555205198031627e-05,75,0.0035832019492618604,3894,0.1860398452056758,0.18592316513761467,x264_crf12,5188,27904,0.1862098623853211,nvenc_qp18,5196,27904
nvenc_qp28_bf2_bqeq,ambush_5,h264_nvenc,bframes,False,d1,True,369677,368340,1414.4256,42.76247456964521,22.0,28.0,28.0,1,17,32,50,1,1,,,,0,1,934,54.949088772190265,49.02728937030245,91.20151371807,0.33016476552598223,0.2498924885321101,36.77320720462472,0.18895418279107543,1.0,0.18895418279107543,3955,3955,20931,1.0,0.18971859920691797,0.0,1.0,3971,0,0,0,3971,0.0,,0,0.0,2,9.555205198031627e-05,75,0.0035832019492618604,3894,0.1860398452056758,0.1849197247706422,x264_crf12,5160,27904,0.18577981651376146,nvenc_qp18,5184,27904
nvenc_qp28_bf2_bqeq,ambush_5,h264_nvenc,bframes,False,d1,True,369677,368340,1414.4256,42.76247456964521,22.0,28.0,28.0,1,17,32,50,1,1,,,,0,1,934,54.949088772190265,49.02728937030245,91.20151371807,0.33016476552598223,0.2498924885321101,36.77320720462472,0.18895418279107543,1.0,0.18895418279107543,3955,3955,20931,2.0,0.19062634370073098,0.0,1.0,3990,0,0,0,3990,0.0,,0,0.0,2,9.555205198031627e-05,78,0.003726530027232335,3910,0.1868042616215183,0.17746559633027523,x264_crf12,4952,27904,0.18420298165137614,nvenc_qp18,5140,27904
nvenc_qp28_bf2_bqeq,ambush_7,h264_nvenc,bframes,False,B_naive,True,208181,206844,794.2809599999999,43.610159654822354,22.0,28.0,28.0,1,17,32,50,1,1,,,,0,32,93237,0.26627018205579506,3.6410339996965213,17.182764194786827,0.04644693585096519,0.02496281895068808,88.36565828737088,0.450643091617871,0.027620957978524114,0.012447193896889407,392347,10837,870638,0.5,0.010286709286752934,0.2610510912687018,0.01915623582960447,467524,681651,454370,227281,8956,0.9718645459912219,0.6665727769782483,5889,0.006764005246727113,2179,0.002502762342098553,480,0.0005513198367174417,408,0.0004686218612098254,0.3535201046444954,x264_crf12,315668,892928,0.3178442158830275,nvenc_qp18,283812,892928
nvenc_qp28_bf2_bqeq,ambush_7,h264_nvenc,bframes,False,B_naive,True,208181,206844,794.2809599999999,43.610159654822354,22.0,28.0,28.0,1,17,32,50,1,1,,,,0,32,93237,0.26627018205579506,3.6410339996965213,17.182764194786827,0.04644693585096519,0.02496281895068808,88.36565828737088,0.450643091617871,0.027620957978524114,0.012447193896889407,392347,10837,870638,1.0,0.011047071228225737,0.21465522984294277,0.018885448308497668,509281,681651,494764,186887,9618,0.9714951078088521,0.7258318406339901,6356,0.007300393504533457,2370,0.002722141693792368,481,0.000552468419710603,411,0.00047206761018930946,0.3071804221616973,x264_crf12,274290,892928,0.2816867653383027,nvenc_qp18,251526,892928
nvenc_qp28_bf2_bqeq,ambush_7,h264_nvenc,bframes,False,B_naive,True,208181,206844,794.2809599999999,43.610159654822354,22.0,28.0,28.0,1,17,32,50,1,1,,,,0,32,93237,0.26627018205579506,3.6410339996965213,17.182764194786827,0.04644693585096519,0.02496281895068808,88.36565828737088,0.450643091617871,0.027620957978524114,0.012447193896889407,392347,10837,870638,2.0,0.014701862312465112,0.17913415219643525,0.023438072218560025,546120,681651,525690,155961,12800,0.9625906394199077,0.7712010985093545,9303,0.010685267585379916,2565,0.002946115377458829,501,0.0005754400795738298,431,0.0004950392700525362,0.2421919796444954,x264_crf12,216260,892928,0.24505223265481652,nvenc_qp18,218814,892928
nvenc_qp28_bf2_bqeq,ambush_7,h264_nvenc,bframes,False,B_scaled,True,208181,206844,794.2809599999999,43.610159654822354,22.0,28.0,28.0,1,17,32,50,1,1,,,,0,32,93237,0.25068785211391037,1.3958387583216474,10.673873509799959,0.04644693585096519,0.02496281895068808,88.36565828737088,0.450643091617871,0.027620957978524114,0.012447193896889407,392347,10837,870638,0.5,0.010445213739809197,0.2361532577259435,0.018577989148198994,489504,681651,476047,205604,9094,0.9725089069752239,0.6983735078507917,6021,0.006915618201824409,2181,0.002505059508084876,481,0.000552468419710603,411,0.00047206761018930946,0.34400086009174313,x264_crf12,307168,892928,0.3126971043577982,nvenc_qp18,279216,892928
nvenc_qp28_bf2_bqeq,ambush_7,h264_nvenc,bframes,False,B_scaled,True,208181,206844,794.2809599999999,43.610159654822354,22.0,28.0,28.0,1,17,32,50,1,1,,,,0,32,93237,0.25068785211391037,1.3958387583216474,10.673873509799959,0.04644693585096519,0.02496281895068808,88.36565828737088,0.450643091617871,0.027620957978524114,0.012447193896889407,392347,10837,870638,1.0,0.0113066509846802,0.19942846510260293,0.018824267318364177,522942,681651,508021,173630,9844,0.9714671990392816,0.7452802093740052,6582,0.007559973260987919,2370,0.002722141693792368,481,0.000552468419710603,411,0.00047206761018930946,0.3043873638188073,x264_crf12,271796,892928,0.2804705418577982,nvenc_qp18,250440,892928
nvenc_qp28_bf2_bqeq,ambush_7,h264_nvenc,bframes,False,B_scaled,True,208181,206844,794.2809599999999,43.610159654822354,22.0,28.0,28.0,1,17,32,50,1,1,,,,0,32,93237,0.25068785211391037,1.3958387583216474,10.673873509799959,0.04644693585096519,0.02496281895068808,88.36565828737088,0.450643091617871,0.027620957978524114,0.012447193896889407,392347,10837,870638,2.0,0.016132996721944137,0.16375692308399128,0.025021421229551855,561359,681651,539078,142573,14046,0.9603088219837929,0.7908416477053507,10532,0.0120968760839752,2566,0.0029472639604519904,509,0.0005846287435191204,439,0.0005042279339978269,0.240234375,x264_crf12,214512,892928,0.24391440295298164,nvenc_qp18,217798,892928
nvenc_qp28_bf2_bqeq,ambush_7,h264_nvenc,bframes,False,dgt1_naive,True,208181,206844,794.2809599999999,43.610159654822354,22.0,28.0,28.0,1,17,32,50,1,1,,,,0,16,20169,0.3898436478872082,5.646192429871907,32.31401186672752,0.04350989522700815,0.023085847907110102,60.734322732410575,0.23086640819704832,0.00462788249548136,0.001068422609289774,100694,466,436157,0.5,0.0007153387427004496,0.5311183816836598,0.0026518435412310674,117654,348792,117141,231651,312,0.995639757254322,0.3358477258652721,152,0.0003484983618284242,157,0.000359962123730675,3,6.878257141350477e-06,0,0.0,0.27055708858944955,x264_crf12,120794,446464,0.2304329128440367,nvenc_qp18,102880,446464
nvenc_qp28_bf2_bqeq,ambush_7,h264_nvenc,bframes,False,dgt1_naive,True,208181,206844,794.2809599999999,43.610159654822354,22.0,28.0,28.0,1,17,32,50,1,1,,,,0,16,20169,0.3898436478872082,5.646192429871907,32.31401186672752,0.04350989522700815,0.023085847907110102,60.734322732410575,0.23086640819704832,0.00462788249548136,0.001068422609289774,100694,466,436157,1.0,0.0008391473712447582,0.4370352877518875,0.002304945556682138,158789,348792,158176,190616,366,0.9961395310758302,0.45349663983118876,203,0.0004654287332313823,157,0.000359962123730675,3,6.878257141350477e-06,3,6.878257141350477e-06,0.2065474483944954,x264_crf12,92216,446464,0.17229160693807338,nvenc_qp18,76922,446464
nvenc_qp28_bf2_bqeq,ambush_7,h264_nvenc,bframes,False,dgt1_naive,True,208181,206844,794.2809599999999,43.610159654822354,22.0,28.0,28.0,1,17,32,50,1,1,,,,0,16,20169,0.3898436478872082,5.646192429871907,32.31401186672752,0.04350989522700815,0.023085847907110102,60.734322732410575,0.23086640819704832,0.00462788249548136,0.001068422609289774,100694,466,436157,2.0,0.0013779441806505456,0.4079035760058878,0.0034954460328723144,171938,348792,170882,177910,601,0.9938582512300945,0.48992522764283586,432,0.0009904690283544686,162,0.00037142588563292576,3,6.878257141350477e-06,4,9.171009521800636e-06,0.19620394925458715,x264_crf12,87598,446464,0.16843911267201836,nvenc_qp18,75202,446464
nvenc_qp28_bf2_bqeq,ambush_7,h264_nvenc,bframes,False,dgt1_scaled,True,208181,206844,794.2809599999999,43.610159654822354,22.0,28.0,28.0,1,17,32,50,1,1,,,,0,16,20169,0.261869773247046,1.4329653109114875,11.329682032557432,0.04350989522700815,0.023085847907110102,60.734322732410575,0.23086640819704832,0.00462788249548136,0.001068422609289774,100694,466,436157,0.5,0.001079886371192025,0.4159075745660393,0.002800754003413233,168169,348792,167391,181401,471,0.9953737014550839,0.4799163971650726,302,0.000692411218895948,162,0.00037142588563292576,3,6.878257141350477e-06,4,9.171009521800636e-06,0.20987582425458715,x264_crf12,93702,446464,0.18960543291284404,nvenc_qp18,84652,446464
nvenc_qp28_bf2_bqeq,ambush_7,h264_nvenc,bframes,False,dgt1_scaled,True,208181,206844,794.2809599999999,43.610159654822354,22.0,28.0,28.0,1,17,32,50,1,1,,,,0,16,20169,0.261869773247046,1.4329653109114875,11.329682032557432,0.04350989522700815,0.023085847907110102,60.734322732410575,0.23086640819704832,0.00462788249548136,0.001068422609289774,100694,466,436157,1.0,0.0019878163138502877,0.39247793799021913,0.004843386012837487,179007,348792,177610,171182,867,0.9921958359170312,0.5092146608867176,677,0.0015521933615647576,183,0.0004195736856223791,3,6.878257141350477e-06,4,9.171009521800636e-06,0.19680870126146788,x264_crf12,87868,446464,0.16566173308486237,nvenc_qp18,73962,446464
nvenc_qp28_bf2_bqeq,ambush_7,h264_nvenc,bframes,False,dgt1_scaled,True,208181,206844,794.2809599999999,43.610159654822354,22.0,28.0,28.0,1,17,32,50,1,1,,,,0,16,20169,0.261869773247046,1.4329653109114875,11.329682032557432,0.04350989522700815,0.023085847907110102,60.734322732410575,0.23086640819704832,0.00462788249548136,0.001068422609289774,100694,466,436157,2.0,0.005390260846438324,0.36549682797708166,0.012172454320936518,193141,348792,189378,159414,2351,0.9805168244960936,0.5429539668341017,2120,0.004860635046554337,210,0.0004814779998945334,3,6.878257141350477e-06,18,4.126954284810286e-05,0.18896484375,x264_crf12,84366,446464,0.16197946530963303,nvenc_qp18,72318,446464
nvenc_qp28_bf2_bqeq,ambush_7,h264_nvenc,bframes,False,d1,True,208181,206844,794.2809599999999,43.610159654822354,22.0,28.0,28.0,1,17,32,50,1,1,,,,0,1,1354,0.22602770486003265,0.8399166424264104,6.929555895865238,0.03473762010347376,0.0,75.55905963302752,0.6503727064220184,0.0,0.0,18148,0,27904,0.5,0.0,0.34962729357798167,0.0,18148,27904,18148,9756,0,1.0,0.6503727064220184,0,0.0,0,0.0,0,0.0,0,0.0,0.6227780963302753,x264_crf12,17378,27904,0.48401662844036697,nvenc_qp18,13506,27904
nvenc_qp28_bf2_bqeq,ambush_7,h264_nvenc,bframes,False,d1,True,208181,206844,794.2809599999999,43.610159654822354,22.0,28.0,28.0,1,17,32,50,1,1,,,,0,1,1354,0.22602770486003265,0.8399166424264104,6.929555895865238,0.03473762010347376,0.0,75.55905963302752,0.6503727064220184,0.0,0.0,18148,0,27904,1.0,0.0,0.34848050458715596,0.0,18180,27904,18180,9724,0,1.0,0.651519495412844,0,0.0,0,0.0,0,0.0,0,0.0,0.6364678899082569,x264_crf12,17760,27904,0.43542144495412843,nvenc_qp18,12150,27904
nvenc_qp28_bf2_bqeq,ambush_7,h264_nvenc,bframes,False,d1,True,208181,206844,794.2809599999999,43.610159654822354,22.0,28.0,28.0,1,17,32,50,1,1,,,,0,1,1354,0.22602770486003265,0.8399166424264104,6.929555895865238,0.03473762010347376,0.0,75.55905963302752,0.6503727064220184,0.0,0.0,18148,0,27904,2.0,0.0,0.3238245412844037,0.0,18868,27904,18868,9036,0,1.0,0.6761754587155964,0,0.0,0,0.0,0,0.0,0,0.0,0.5740395642201835,x264_crf12,16018,27904,0.36768922018348627,nvenc_qp18,10260,27904
nvenc_qp28_bf2_bqeq,bandage_2,h264_nvenc,bframes,False,B_naive,True,455225,453888,1742.92992,40.64759117905668,22.0,28.0,28.0,1,17,32,50,1,1,,,,0,32,127705,0.16631477185648877,2.5630779375585244,22.17897382377372,0.02735568606734823,0.02143061926605505,98.0347725774555,0.4920438731414341,0.09410527882701003,0.046303925877096606,429944,40460,873792,0.5,0.033362630923606536,0.06427158866183257,0.061478244732002765,474184,479533,423373,56160,29152,0.8928453933494171,0.8828860578938259,25426,0.029098458214311874,3324,0.0038041089870358164,365,0.0004177195488171098,37,4.234417344173442e-05,0.11551883242545871,x264_crf12,103150,892928,0.11056434561353211,nvenc_qp18,98726,892928
nvenc_qp28_bf2_bqeq,bandage_2,h264_nvenc,bframes,False,B_naive,True,455225,453888,1742.92992,40.64759117905668,22.0,28.0,28.0,1,17,32,50,1,1,,,,0,32,127705,0.16631477185648877,2.5630779375585244,22.17897382377372,0.02735568606734823,0.02143061926605505,98.0347725774555,0.4920438731414341,0.09410527882701003,0.046303925877096606,429944,40460,873792,1.0,0.034844676994067236,0.041262680363290116,0.05937344604674291,512805,479533,443478,36055,30447,0.8648082604498786,0.9248122652664155,26671,0.030523282428770233,3374,0.00386133084303816,365,0.0004177195488171098,37,4.234417344173442e-05,0.11410998423165138,x264_crf12,101892,892928,0.10991479716169725,nvenc_qp18,98146,892928
nvenc_qp28_bf2_bqeq,bandage_2,h264_nvenc,bframes,False,B_naive,True,455225,453888,1742.92992,40.64759117905668,22.0,28.0,28.0,1,17,32,50,1,1,,,,0,32,127705,0.16631477185648877,2.5630779375585244,22.17897382377372,0.02735568606734823,0.02143061926605505,98.0347725774555,0.4920438731414341,0.09410527882701003,0.046303925877096606,429944,40460,873792,2.0,0.04244259503405845,0.02474273053541346,0.06259272198846576,592497,479533,457913,21620,37086,0.7728528583267088,0.9549144688686702,33203,0.03799874569691643,3442,0.003939152567201348,404,0.00046235259649893794,37,4.234417344173442e-05,0.10970425387041284,x264_crf12,97958,892928,0.10771753153669725,nvenc_qp18,96184,892928
nvenc_qp28_bf2_bqeq,bandage_2,h264_nvenc,bframes,False,B_scaled,True,455225,453888,1742.92992,40.64759117905668,22.0,28.0,28.0,1,17,32,50,1,1,,,,0,32,127705,0.10879249974921953,0.7806654880530346,7.174501075589444,0.02735568606734823,0.02143061926605505,98.0347725774555,0.4920438731414341,0.09410527882701003,0.046303925877096606,429944,40460,873792,0.5,0.03392569398666959,0.0531030268072951,0.06102350858413273,485780,479533,433132,46401,29644,0.891621721767055,0.903237107769434,25909,0.029651221343294513,3333,0.003814408921116238,365,0.0004177195488171098,37,4.234417344173442e-05,0.11071665352637615,x264_crf12,98862,892928,0.10632660192087157,nvenc_qp18,94942,892928
nvenc_qp28_bf2_bqeq,bandage_2,h264_nvenc,bframes,False,B_scaled,True,455225,453888,1742.92992,40.64759117905668,22.0,28.0,28.0,1,17,32,50,1,1,,,,0,32,127705,0.10879249974921953,0.7806654880530346,7.174501075589444,0.02735568606734823,0.02143061926605505,98.0347725774555,0.4920438731414341,0.09410527882701003,0.046303925877096606,429944,40460,873792,1.0,0.0355198948948949,0.033588085036255766,0.05837226447599058,531708,479533,450184,29349,31037,0.8466752428024404,0.9387967042935522,27243,0.031177900461437046,3392,0.003881930711199004,365,0.0004177195488171098,37,4.234417344173442e-05,0.10658194165711009,x264_crf12,95170,892928,0.1032737241972477,nvenc_qp18,92216,892928
nvenc_qp28_bf2_bqeq,bandage_2,h264_nvenc,bframes,False,B_scaled,True,455225,453888,1742.92992,40.64759117905668,22.0,28.0,28.0,1,17,32,50,1,1,,,,0,32,127705,0.10879249974921953,0.7806654880530346,7.174501075589444,0.02735568606734823,0.02143061926605505,98.0347725774555,0.4920438731414341,0.09410527882701003,0.046303925877096606,429944,40460,873792,2.0,0.04593541712444151,0.019796473302570863,0.06406458491614048,626524,479533,462235,17298,40138,0.7377770045521002,0.9639274043705022,36214,0.04144464586537757,3483,0.00398607448912327,404,0.00046235259649893794,37,4.234417344173442e-05,0.08408068735665138,x264_crf12,75078,892928,0.08390374139908256,nvenc_qp18,74920,892928
nvenc_qp28_bf2_bqeq,bandage_2,h264_nvenc,bframes,False,dgt1_naive,True,455225,453888,1742.92992,40.64759117905668,22.0,28.0,28.0,1,17,32,50,1,1,,,,0,16,36595,0.4160086008001962,3.4876818661023674,32.015036659624705,0.017939956065413716,0.020872903526376163,88.14992736963708,0.41921101693945945,0.022902387916357445,0.009600933328758192,183256,4197,437145,0.5,0.006215329009825115,0.11561152478010729,0.013951577704177258,194745,238981,188442,50539,2717,0.9676345990911192,0.7885229369698846,2709,0.006197028445938991,4,9.150281943062371e-06,4,9.150281943062371e-06,0,0.0,0.09624068233944955,x264_crf12,42968,446464,0.0904709002293578,nvenc_qp18,40392,446464
nvenc_qp28_bf2_bqeq,bandage_2,h264_nvenc,bframes,False,dgt1_naive,True,455225,453888,1742.92992,40.64759117905668,22.0,28.0,28.0,1,17,32,50,1,1,,,,0,16,36595,0.4160086008001962,3.4876818661023674,32.015036659624705,0.017939956065413716,0.020872903526376163,88.14992736963708,0.41921101693945945,0.022902387916357445,0.009600933328758192,183256,4197,437145,1.0,0.006428073065001315,0.08117215111690629,0.013345998575160294,210550,238981,203497,35484,2810,0.9665020185229162,0.8515195768701278,2801,0.006407484930629425,5,1.1437852428827963e-05,4,9.150281943062371e-06,0,0.0,0.10764585722477064,x264_crf12,48060,446464,0.10169240969036697,nvenc_qp18,45402,446464
nvenc_qp28_bf2_bqeq,bandage_2,h264_nvenc,bframes,False,dgt1_naive,True,455225,453888,1742.92992,40.64759117905668,22.0,28.0,28.0,1,17,32,50,1,1,,,,0,16,36595,0.4160086008001962,3.4876818661023674,32.015036659624705,0.017939956065413716,0.020872903526376163,88.14992736963708,0.41921101693945945,0.022902387916357445,0.009600933328758192,183256,4197,437145,2.0,0.007356826682222146,0.05718239943268252,0.01422027273209643,226156,238981,213984,24997,3216,0.9461787438759086,0.8954017264970855,3196,0.007311075272506834,15,3.431355728648389e-05,5,1.1437852428827963e-05,0,0.0,0.18008170871559634,x264_crf12,80400,446464,0.17596939506880735,nvenc_qp18,78564,446464
nvenc_qp28_bf2_bqeq,bandage_2,h264_nvenc,bframes,False,dgt1_scaled,True,455225,453888,1742.92992,40.64759117905668,22.0,28.0,28.0,1,17,32,50,1,1,,,,0,16,36595,0.1052250402980619,0.6805654324894402,5.318752330060892,0.017939956065413716,0.020872903526376163,88.14992736963708,0.41921101693945945,0.022902387916357445,0.009600933328758192,183256,4197,437145,0.5,0.006853561175353715,0.06749705475299958,0.013722158354440236,218333,238981,209475,29506,2996,0.9594289456930468,0.8765341177750533,2985,0.006828397900010294,6,1.3725422914593556e-05,5,1.1437852428827963e-05,0,0.0,0.06844896788990826,x264_crf12,30560,446464,0.06439936926605505,nvenc_qp18,28752,446464
nvenc_qp28_bf2_bqeq,bandage_2,h264_nvenc,bframes,False,dgt1_scaled,True,455225,453888,1742.92992,40.64759117905668,22.0,28.0,28.0,1,17,32,50,1,1,,,,0,16,36595,0.1052250402980619,0.6805654324894402,5.318752330060892,0.017939956065413716,0.020872903526376163,88.14992736963708,0.41921101693945945,0.022902387916357445,0.009600933328758192,183256,4197,437145,1.0,0.00874080682611033,0.047208592114744534,0.01569263624789519,243490,238981,218344,20637,3821,0.8967267649595466,0.9136458546913772,3780,0.00864701643619394,36,8.235253748756134e-05,5,1.1437852428827963e-05,0,0.0,0.07812052035550458,x264_crf12,34878,446464,0.07562535837155963,nvenc_qp18,33764,446464
nvenc_qp28_bf2_bqeq,bandage_2,h264_nvenc,bframes,False,dgt1_scaled,True,455225,453888,1742.92992,40.64759117905668,22.0,28.0,28.0,1,17,32,50,1,1,,,,0,16,36595,0.1052250402980619,0.6805654324894402,5.318752330060892,0.017939956065413716,0.020872903526376163,88.14992736963708,0.41921101693945945,0.022902387916357445,0.009600933328758192,183256,4197,437145,2.0,0.015715609237209622,0.034832835786752676,0.02377565746441438,288951,238981,223754,15227,6870,0.774366588106634,0.9362836376113582,6727,0.015388486657745141,130,0.000297384163149527,13,2.9738416314952705e-05,0,0.0,0.07077838302752294,x264_crf12,31600,446464,0.07083213876146789,nvenc_qp18,31624,446464
nvenc_qp28_bf2_bqeq,bandage_2,h264_nvenc,bframes,False,d1,True,455225,453888,1742.92992,40.64759117905668,22.0,28.0,28.0,1,17,32,50,1,1,,,,0,1,3282,0.2805537096182492,2.723868066789039,24.913693901035675,0.0257847533632287,0.004622993119266061,98.94509450945094,0.557047704770477,0.093717683557394,0.052205220522052204,15472,1450,27775,0.5,0.01720972097209721,0.1637803780378038,0.028391541933951058,16836,19369,14820,4549,478,0.880256593014968,0.7651401724404977,478,0.01720972097209721,0,0.0,0,0.0,0,0.0,0.20154816513761467,x264_crf12,5624,27904,0.1966026376146789,nvenc_qp18,5486,27904
nvenc_qp28_bf2_bqeq,bandage_2,h264_nvenc,bframes,False,d1,True,455225,453888,1742.92992,40.64759117905668,22.0,28.0,28.0,1,17,32,50,1,1,,,,0,1,3282,0.2805537096182492,2.723868066789039,24.913693901035675,0.0257847533632287,0.004622993119266061,98.94509450945094,0.557047704770477,0.093717683557394,0.052205220522052204,15472,1450,27775,1.0,0.017461746174617463,0.1077947794779478,0.024681933842239184,19650,19369,16375,2994,485,0.8333333333333334,0.8454230987660695,485,0.017461746174617463,0,0.0,0,0.0,0,0.0,0.20613532110091742,x264_crf12,5752,27904,0.1979644495412844,nvenc_qp18,5524,27904
nvenc_qp28_bf2_bqeq,bandage_2,h264_nvenc,bframes,False,d1,True,455225,453888,1742.92992,40.64759117905668,22.0,28.0,28.0,1,17,32,50,1,1,,,,0,1,3282,0.2805537096182492,2.723868066789039,24.913693901035675,0.0257847533632287,0.004622993119266061,98.94509450945094,0.557047704770477,0.093717683557394,0.052205220522052204,15472,1450,27775,2.0,0.017605760576057606,0.08536453645364536,0.023122753924721014,21148,19369,16998,2371,489,0.8037639493096274,0.8775878981878259,489,0.017605760576057606,0,0.0,0,0.0,0,0.0,0.1968176605504587,x264_crf12,5492,27904,0.19896788990825687,nvenc_qp18,5552,27904
mpeg4_q2,alley_1,mpeg4,mpeg4_q,False,d1,True,1415327,1414230,5430.6432,44.23391468597546,4.0,4.0,,1,49,0,50,1,1,,,,0,49,87054,0.4785836968751689,0.9276914177484381,4.657501494321578,0.03910216647138558,0.01827841228234417,99.56999308651393,0.20026983455312655,0.8776667175055706,0.1757701683076263,268823,235937,1342304,0.5,0.017534776026891078,0.0009140999356330608,0.08755575229798046,268823,2272,1045,1227,23537,0.0038873161894629553,0.45994718309859156,22335,0.016639300784323074,1074,0.0008001168140749041,100,7.449877226023316e-05,28,2.0859656232865284e-05,0.1952466766523123,x264_crf12,266960,1367296,0.0,mpeg4_q2,0,0
mpeg4_q2,alley_1,mpeg4,mpeg4_q,False,d1,True,1415327,1414230,5430.6432,44.23391468597546,4.0,4.0,,1,49,0,50,1,1,,,,0,49,87054,0.4785836968751689,0.9276914177484381,4.657501494321578,0.03910216647138558,0.01827841228234417,99.56999308651393,0.20026983455312655,0.8776667175055706,0.1757701683076263,268823,235937,1342304,1.0,0.01810394664695926,0.0004611474002908432,0.07867991543066577,308859,2272,1653,619,24301,0.0053519567181140905,0.7275528169014085,23066,0.017183886809545378,1107,0.000824701408920781,100,7.449877226023316e-05,28,2.0859656232865284e-05,0.2327835377270174,x264_crf12,318284,1367296,0.0,mpeg4_q2,0,0
mpeg4_q2,alley_1,mpeg4,mpeg4_q,False,d1,True,1415327,1414230,5430.6432,44.23391468597546,4.0,4.0,,1,49,0,50,1,1,,,,0,49,87054,0.4785836968751689,0.9276914177484381,4.657501494321578,0.03910216647138558,0.01827841228234417,99.56999308651393,0.20026983455312655,0.8776667175055706,0.1757701683076263,268823,235937,1342304,2.0,0.02291656733497032,0.00012590292511979403,0.032890108268663676,935266,2272,2103,169,30761,0.0022485581642014145,0.9256161971830986,29185,0.021742466684149045,1442,0.001074272295992562,101,7.524375998283548e-05,33,2.458459484587694e-05,0.14177617721400487,x264_crf12,193850,1367296,0.0,mpeg4_q2,0,0
mpeg4_q2,ambush_5,mpeg4,mpeg4_q,False,d1,True,1379961,1378864,5294.837759999999,45.29518332211407,4.0,4.0,,1,49,0,50,1,1,,,,0,49,74634,1.7329118391007026,7.536767675455557,41.28046584223796,0.10721655009781066,0.13566411369593712,90.04224900427567,0.2878068510572405,0.9358541267923242,0.2693452292810223,340131,318313,1181803,0.5,0.200135724820465,0.0013115553099797513,0.6953820733776104,340131,6999,5449,1550,236521,0.016020298061629197,0.7785397913987713,107028,0.09056331723645988,46629,0.0394558145477715,55729,0.04715591346442681,27135,0.022960679571806808,0.25721131342445236,x264_crf12,351684,1367296,0.0,mpeg4_q2,0,0
mpeg4_q2,ambush_5,mpeg4,mpeg4_q,False,d1,True,1379961,1378864,5294.837759999999,45.29518332211407,4.0,4.0,,1,49,0,50,1,1,,,,0,49,74634,1.7329118391007026,7.536767675455557,41.28046584223796,0.10721655009781066,0.13566411369593712,90.04224900427567,0.2878068510572405,0.9358541267923242,0.2693452292810223,340131,318313,1181803,1.0,0.20112996836190125,0.0009587046233593924,0.6903325675750245,344321,6999,5866,1133,237696,0.017036428216693145,0.8381197313901986,107898,0.09129948053948078,46824,0.03962081666741411,55839,0.04724899158319957,27135,0.022960679571806808,0.25148614491668225,x264_crf12,343856,1367296,0.0,mpeg4_q2,0,0
mpeg4_q2,ambush_5,mpeg4,mpeg4_q,False,d1,True,1379961,1378864,5294.837759999999,45.29518332211407,4.0,4.0,,1,49,0,50,1,1,,,,0,49,74634,1.7329118391007026,7.536767675455557,41.28046584223796,0.10721655009781066,0.13566411369593712,90.04224900427567,0.2878068510572405,0.9358541267923242,0.2693452292810223,340131,318313,1181803,2.0,0.20508240375087897,0.0007090860321051816,0.6582124816685677,368220,6999,6161,838,242367,0.01673184509260768,0.8802686098014002,111542,0.09438290476500737,47479,0.04017505455647007,56152,0.047513841139343864,27194,0.02301060329005765,0.2361653950571054,x264_crf12,322908,1367296,0.0,mpeg4_q2,0,0
mpeg4_q2,ambush_7,mpeg4,mpeg4_q,False,d1,True,935443,934362,3587.95008,46.242091591021726,4.0,4.0,,1,49,0,50,1,1,,,,0,49,81688,0.24762059830895536,2.381926395098661,13.058388348018187,0.0468857114876114,0.023840485161954694,93.9169805326894,0.633542843742297,0.028449991662616237,0.01802428862237853,845589,24057,1334699,0.5,0.01427587793202812,0.18001661797903498,0.022533405708920054,845589,1058347,818079,240268,19054,0.9674664642042411,0.7729780497322711,12677,0.009498021651323631,3904,0.002925004064586847,1418,0.0010624118246885627,1055,0.0007904403914290787,0.38719633495600075,x264_crf12,529412,1367296,0.0,mpeg4_q2,0,0
mpeg4_q2,ambush_7,mpeg4,mpeg4_q,False,d1,True,935443,934362,3587.95008,46.242091591021726,4.0,4.0,,1,49,0,50,1,1,,,,0,49,81688,0.24762059830895536,2.381926395098661,13.058388348018187,0.0468857114876114,0.023840485161954694,93.9169805326894,0.633542843742297,0.028449991662616237,0.01802428862237853,845589,24057,1334699,1.0,0.014940447246907355,0.1548888550901739,0.022644684784534252,880604,1058347,851617,206730,19941,0.9670828204277973,0.8046670893383739,13186,0.009879381043965718,4269,0.003198473963043353,1421,0.0010646595224840956,1065,0.0007979327174141885,0.3265042829058229,x264_crf12,446428,1367296,0.0,mpeg4_q2,0,0
mpeg4_q2,ambush_7,mpeg4,mpeg4_q,False,d1,True,935443,934362,3587.95008,46.242091591021726,4.0,4.0,,1,49,0,50,1,1,,,,0,49,81688,0.24762059830895536,2.381926395098661,13.058388348018187,0.0468857114876114,0.023840485161954694,93.9169805326894,0.633542843742297,0.028449991662616237,0.01802428862237853,845589,24057,1334699,2.0,0.01701956770777531,0.1422597904096729,0.025128401974785313,903997,1058347,868473,189874,22716,0.9607034094139693,0.8205938128043071,15668,0.011738976353469958,4550,0.0034090083232249367,1423,0.0010661579876811175,1075,0.0008054250433992983,0.22942508425388505,x264_crf12,313692,1367296,0.0,mpeg4_q2,0,0
mpeg4_q2,bandage_2,mpeg4,mpeg4_q,False,d1,True,1814643,1813546,6964.01664,44.60029872465518,4.0,4.0,,1,49,0,50,1,1,,,,0,49,86669,0.1751767612437913,0.8198369571072048,6.319164463373491,0.03556058106127912,0.020905495225613135,99.40532392329344,0.558976837437776,0.0743529745065207,0.04156159054374653,748309,55639,1338712,0.5,0.023619718057356624,0.04742468880535918,0.042255271552259825,748309,737883,674395,63488,31620,0.9012252959673076,0.9139592591237364,28495,0.021285384757886685,2274,0.0016986476553582847,781,0.000583396578203527,70,5.228906590812662e-05,0.0961605972664295,x264_crf12,131480,1367296,0.0,mpeg4_q2,0,0
mpeg4_q2,bandage_2,mpeg4,mpeg4_q,False,d1,True,1814643,1813546,6964.01664,44.60029872465518,4.0,4.0,,1,49,0,50,1,1,,,,0,49,86669,0.1751767612437913,0.8198369571072048,6.319164463373491,0.03556058106127912,0.020905495225613135,99.40532392329344,0.558976837437776,0.0743529745065207,0.04156159054374653,748309,55639,1338712,1.0,0.024501909297892303,0.03376304985687736,0.04142147082148395,791884,737883,692684,45199,32801,0.8747291269933475,0.938745031393866,29645,0.022144419412091623,2305,0.0017218042416890264,781,0.000583396578203527,70,5.228906590812662e-05,0.08838174031080322,x264_crf12,120844,1367296,0.0,mpeg4_q2,0,0
mpeg4_q2,bandage_2,mpeg4,mpeg4_q,False,d1,True,1814643,1813546,6964.01664,44.60029872465518,4.0,4.0,,1,49,0,50,1,1,,,,0,49,86669,0.1751767612437913,0.8198369571072048,6.319164463373491,0.03556058106127912,0.020905495225613135,99.40532392329344,0.558976837437776,0.0743529745065207,0.04156159054374653,748309,55639,1338712,2.0,0.029003997872582003,0.022181768744883142,0.041878695448652546,927154,737883,708188,29695,38828,0.7638299570513636,0.9597564925604737,35338,0.026397014443733977,2558,0.0019107918656141127,851,0.0006356856441116535,81,6.05059191222608e-05,0.06840801114023591,x264_crf12,93534,1367296,0.0,mpeg4_q2,0,0
mpeg4_q4,alley_1,mpeg4,mpeg4_q|encoder,False,d1,True,621244,620163,2381.42592,40.587559553855606,8.0,8.0,,1,49,0,50,1,1,,,,0,49,86965,0.5990332152656059,1.0120105976222447,5.2745543725326,0.03880871615017536,0.01827841228234417,99.49474932653109,0.22719667079886524,0.8872304216521788,0.20157579803084846,304967,270576,1342304,0.5,0.022199144158104273,0.000959544186711803,0.09770893244187076,304967,2272,984,1288,29798,0.0032265786134237475,0.43309859154929575,28446,0.021191920757145922,1218,0.0009073950461296398,101,7.524375998283548e-05,33,2.458459484587694e-05,0.22181590526118705,x264_crf12,303288,1367296,0.06929004399925108,mpeg4_q2,94740,1367296
mpeg4_q4,alley_1,mpeg4,mpeg4_q|encoder,False,d1,True,621244,620163,2381.42592,40.587559553855606,8.0,8.0,,1,49,0,50,1,1,,,,0,49,86965,0.5990332152656059,1.0120105976222447,5.2745543725326,0.03880871615017536,0.01827841228234417,99.49474932653109,0.22719667079886524,0.8872304216521788,0.20157579803084846,304967,270576,1342304,1.0,0.02296201158604906,0.0004395427563353756,0.08629987400251996,357150,2272,1682,590,30822,0.0047095058098838025,0.7403169014084507,29431,0.02192573366390922,1257,0.0009364495673111307,101,7.524375998283548e-05,33,2.458459484587694e-05,0.26259420052424637,x264_crf12,359044,1367296,0.08986495974536604,mpeg4_q2,122872,1367296
mpeg4_q4,alley_1,mpeg4,mpeg4_q|encoder,False,d1,True,621244,620163,2381.42592,40.587559553855606,8.0,8.0,,1,49,0,50,1,1,,,,0,49,86965,0.5990332152656059,1.0120105976222447,5.2745543725326,0.03880871615017536,0.01827841228234417,99.49474932653109,0.22719667079886524,0.8872304216521788,0.20157579803084846,304967,270576,1342304,2.0,0.027419273130378813,0.00015197749541087562,0.039728158148401214,926421,2272,2068,204,36805,0.0022322464624614513,0.9102112676056338,35063,0.02612150451760555,1606,0.0011964502824993444,101,7.524375998283548e-05,35,2.6074570291081602e-05,0.15953385367908632,x264_crf12,218130,1367296,0.0987467234600262,mpeg4_q2,135016,1367296
mpeg4_q4,ambush_5,mpeg4,mpeg4_q|encoder,False,d1,True,661919,660838,2537.61792,41.84737032659481,8.0,8.0,,1,49,0,50,1,1,,,,0,49,73783,2.0620738434955133,7.882929316834132,44.3633106631042,0.10721982028380521,0.13566411369593712,89.00518952820394,0.3113556151067479,0.9412573615138561,0.29306576476790125,367961,346346,1181803,0.5,0.22499181335637158,0.0014359415232487987,0.7226200602781273,367961,6999,5302,1697,265896,0.014409135750799678,0.7575367909701386,128340,0.1085967796663234,52551,0.04446680199661027,56842,0.04809769479346389,28163,0.023830536899974022,0.27867850121700055,x264_crf12,381036,1367296,0.054396414529114395,mpeg4_q2,74376,1367296
mpeg4_q4,ambush_5,mpeg4,mpeg4_q|encoder,False,d1,True,661919,660838,2537.61792,41.84737032659481,8.0,8.0,,1,49,0,50,1,1,,,,0,49,73783,2.0620738434955133,7.882929316834132,44.3633106631042,0.10721982028380521,0.13566411369593712,89.00518952820394,0.3113556151067479,0.9412573615138561,0.29306576476790125,367961,346346,1181803,1.0,0.2261899825943918,0.0010001666944490749,0.7152619833781969,373726,6999,5817,1182,267312,0.015564879082536403,0.831118731247321,129367,0.1094657908297745,52815,0.04469018948166488,56956,0.048194157571101105,28174,0.0238398447118513,0.27374321288148284,x264_crf12,374288,1367296,0.05439056356487549,mpeg4_q2,74368,1367296
mpeg4_q4,ambush_5,mpeg4,mpeg4_q|encoder,False,d1,True,661919,660838,2537.61792,41.84737032659481,8.0,8.0,,1,49,0,50,1,1,,,,0,49,73783,2.0620738434955133,7.882929316834132,44.3633106631042,0.10721982028380521,0.13566411369593712,89.00518952820394,0.3113556151067479,0.9412573615138561,0.29306576476790125,367961,346346,1181803,2.0,0.23043857563401007,0.0007327786441564287,0.6857510494018346,397131,6999,6133,866,272333,0.015443266831347842,0.8762680382911845,133500,0.11296298960148181,53422,0.04520381146434727,57203,0.04840316025598175,28208,0.023868614312199242,0.2578402920801348,x264_crf12,352544,1367296,0.05582112432128815,mpeg4_q2,76324,1367296
mpeg4_q4,ambush_7,mpeg4,mpeg4_q|encoder,False,d1,True,456187,455106,1747.60704,42.52837197942563,8.0,8.0,,1,49,0,50,1,1,,,,0,49,80918,0.2515763961081297,2.437694786008527,13.960815839632795,0.046899330186114335,0.023840485161954694,93.02996405931225,0.6190759114976485,0.031535314905358956,0.01952275381940048,826280,26057,1334699,0.5,0.015708410660381103,0.19591308602164234,0.025373965241806653,826280,1058347,796862,261485,20966,0.9643970566878056,0.7529307495556751,14195,0.010635356735863292,4363,0.0032689018273033845,1344,0.0010069686123987506,1064,0.0007971834848156775,0.3850841368657555,x264_crf12,526524,1367296,0.0600016382699869,mpeg4_q2,82040,1367296
mpeg4_q4,ambush_7,mpeg4,mpeg4_q|encoder,False,d1,True,456187,455106,1747.60704,42.52837197942563,8.0,8.0,,1,49,0,50,1,1,,,,0,49,80918,0.2515763961081297,2.437694786008527,13.960815839632795,0.046899330186114335,0.023840485161954694,93.02996405931225,0.6190759114976485,0.031535314905358956,0.01952275381940048,826280,26057,1334699,1.0,0.016598498987412145,0.1677771542497597,0.025589402933182712,865749,1058347,834415,223932,22154,0.9638070618620408,0.78841344096029,14964,0.011211516604118232,4763,0.0035685948667077746,1347,0.0010092163101942835,1080,0.0008091712063918532,0.3208522514510391,x264_crf12,438700,1367296,0.04156817543531174,mpeg4_q2,56836,1367296
mpeg4_q4,ambush_7,mpeg4,mpeg4_q|encoder,False,d1,True,456187,455106,1747.60704,42.52837197942563,8.0,8.0,,1,49,0,50,1,1,,,,0,49,80918,0.2515763961081297,2.437694786008527,13.960815839632795,0.046899330186114335,0.023840485161954694,93.02996405931225,0.6190759114976485,0.031535314905358956,0.01952275381940048,826280,26057,1334699,2.0,0.01856373609330643,0.153292240422747,0.027810609045266742,890919,1058347,853748,204599,24777,0.9582779130313754,0.8066806066441347,17372,0.01301566870133266,4952,0.0037101998278263487,1350,0.0010114640079898164,1103,0.0008264035561576056,0.22403634618985208,x264_crf12,306324,1367296,0.035164295075828494,mpeg4_q2,48080,1367296
mpeg4_q4,bandage_2,mpeg4,mpeg4_q|encoder,False,d1,True,854062,852981,3275.44704,40.490559877143525,8.0,8.0,,1,49,0,50,1,1,,,,0,49,86510,0.1827938603661495,0.8288756186873991,6.502419393474825,0.03488614033059762,0.020905495225613135,99.27885908246135,0.5580819474240912,0.08085143974590121,0.04512172894543412,747111,60405,1338712,0.5,0.025196606887814554,0.052572173850686334,0.045148578992947504,747111,737883,667504,70379,33731,0.8934468907565275,0.9046203801957763,30371,0.022686731724224477,2610,0.0019496351717172924,683,0.0005101918859321497,67,5.0048105940635475e-05,0.10503943549897023,x264_crf12,143620,1367296,0.029313330836921926,mpeg4_q2,40080,1367296
mpeg4_q4,bandage_2,mpeg4,mpeg4_q|encoder,False,d1,True,854062,852981,3275.44704,40.490559877143525,8.0,8.0,,1,49,0,50,1,1,,,,0,49,86510,0.1827938603661495,0.8288756186873991,6.502419393474825,0.03488614033059762,0.020905495225613135,99.27885908246135,0.5580819474240912,0.08085143974590121,0.04512172894543412,747111,60405,1338712,1.0,0.026332773591332563,0.033645772951911984,0.044108115683080214,799218,737883,692841,45042,35252,0.866898643423947,0.9389578022532027,31858,0.023797500881444254,2636,0.0019690568247688824,691,0.0005161677791787928,67,5.0048105940635475e-05,0.09326436996817075,x264_crf12,127520,1367296,0.023278061224489797,mpeg4_q2,31828,1367296
mpeg4_q4,bandage_2,mpeg4,mpeg4_q|encoder,False,d1,True,854062,852981,3275.44704,40.490559877143525,8.0,8.0,,1,49,0,50,1,1,,,,0,49,86510,0.1827938603661495,0.8288756186873991,6.502419393474825,0.03488614033059762,0.020905495225613135,99.27885908246135,0.5580819474240912,0.08085143974590121,0.04512172894543412,747111,60405,1338712,2.0,0.030908066858293642,0.022435744207865472,0.044517486053655096,929455,737883,707848,30035,41377,0.7615731799818173,0.9592957149033112,37724,0.028179324604545263,2839,0.0021206951159024497,747,0.000557999031905294,67,5.0048105940635475e-05,0.07050265633776447,x264_crf12,96398,1367296,0.01763773169818386,mpeg4_q2,24116,1367296
mpeg4_q8,alley_1,mpeg4,mpeg4_q,False,d1,True,266530,265449,1019.32416,37.03092667640808,16.0,16.0,,1,49,0,50,1,1,,,,0,49,86729,0.7466147491375069,1.1180053013366447,5.8662734237312515,0.038280160038741365,0.01827841228234417,99.27654242258087,0.265208179369204,0.8945504087193461,0.23724208525043508,355990,318451,1342304,0.5,0.026491018428016308,0.0009520943094857797,0.0998876372931824,355990,2272,994,1278,35559,0.00279221326441754,0.4375,34125,0.025422706033804563,1269,0.0009453894199823587,130,9.68484039383031e-05,35,2.6074570291081602e-05,0.25902803782063283,x264_crf12,354168,1367296,0.11044865193783936,mpeg4_q2,151016,1367296
mpeg4_q8,alley_1,mpeg4,mpeg4_q,False,d1,True,266530,265449,1019.32416,37.03092667640808,16.0,16.0,,1,49,0,50,1,1,,,,0,49,86729,0.7466147491375069,1.1180053013366447,5.8662734237312515,0.038280160038741365,0.01827841228234417,99.27654242258087,0.265208179369204,0.8945504087193461,0.23724208525043508,355990,318451,1342304,1.0,0.027378298805635682,0.0003687689226881541,0.08733655587400721,420786,2272,1777,495,36750,0.004223049245934988,0.7821302816901409,35243,0.02625560230767397,1338,0.0009967935728419195,131,9.759339166090543e-05,38,2.8309533458888597e-05,0.3037089262310429,x264_crf12,415260,1367296,0.13693304156524996,mpeg4_q2,187228,1367296
mpeg4_q8,alley_1,mpeg4,mpeg4_q,False,d1,True,266530,265449,1019.32416,37.03092667640808,16.0,16.0,,1,49,0,50,1,1,,,,0,49,86729,0.7466147491375069,1.1180053013366447,5.8662734237312515,0.038280160038741365,0.01827841228234417,99.27654242258087,0.265208179369204,0.8945504087193461,0.23724208525043508,355990,318451,1342304,2.0,0.03131928385820202,0.00013186282690061269,0.04639546728203566,906123,2272,2095,177,42040,0.002312048143574327,0.9220950704225352,40237,0.029976070994350013,1629,0.001213585000119198,133,9.908336710611009e-05,41,3.054449662669559e-05,0.18364275182550086,x264_crf12,251094,1367296,0.13379985021531549,mpeg4_q2,182944,1367296
mpeg4_q8,ambush_5,mpeg4,mpeg4_q,False,d1,True,330942,329861,1266.66624,38.76900553587821,16.0,16.0,,1,49,0,50,1,1,,,,0,49,72475,2.983304215063287,8.24957878327168,49.89950525664811,0.10755432907899276,0.13566411369593712,87.40069199350484,0.3487916344771506,0.9478485115343653,0.3306016315748056,412203,390706,1181803,0.5,0.26345846135100354,0.0016229439255104278,0.755346273559387,412203,6999,5081,1918,311356,0.012326450802153308,0.7259608515502215,160677,0.13595920809136547,63096,0.05338960892805315,59145,0.05004641213467896,28438,0.024063232196905916,0.3125877644635836,x264_crf12,427400,1367296,0.10235091743119266,mpeg4_q2,139944,1367296
mpeg4_q8,ambush_5,mpeg4,mpeg4_q,False,d1,True,330942,329861,1266.66624,38.76900553587821,16.0,16.0,,1,49,0,50,1,1,,,,0,49,72475,2.983304215063287,8.24957878327168,49.89950525664811,0.10755432907899276,0.13566411369593712,87.40069199350484,0.3487916344771506,0.9478485115343653,0.3306016315748056,412203,390706,1181803,1.0,0.2652582537021822,0.0010357056125259456,0.7466849914132524,419833,6999,5775,1224,313483,0.013755469436656956,0.8251178739819974,162237,0.1372792250485064,63520,0.05374838276768632,59283,0.05016318286550296,28443,0.024067463020486495,0.30889580602883354,x264_crf12,422352,1367296,0.1025176699120015,mpeg4_q2,140172,1367296
mpeg4_q8,ambush_5,mpeg4,mpeg4_q,False,d1,True,330942,329861,1266.66624,38.76900553587821,16.0,16.0,,1,49,0,50,1,1,,,,0,49,72475,2.983304215063287,8.24957878327168,49.89950525664811,0.10755432907899276,0.13566411369593712,87.40069199350484,0.3487916344771506,0.9478485115343653,0.3306016315748056,412203,390706,1181803,2.0,0.2699333137587229,0.000781010032975039,0.7215432949047654,442119,6999,6076,923,319008,0.013742906321601198,0.8681240177168167,166814,0.14115212095416918,64207,0.054329697927657995,59484,0.050333261973442275,28503,0.02411823290345345,0.2928407601572739,x264_crf12,400400,1367296,0.10446896648567684,mpeg4_q2,142840,1367296
mpeg4_q8,ambush_7,mpeg4,mpeg4_q,False,d1,True,217361,216280,830.5151999999999,39.07254398745132,16.0,16.0,,1,49,0,50,1,1,,,,0,49,79474,0.2546389738893435,2.499687301227,14.592218011856506,0.046996502000654305,0.023840485161954694,91.36441999282235,0.6162288276233068,0.04558530298609085,0.02809097781597199,822480,37493,1334699,0.5,0.023074865568941012,0.207563652928488,0.03744528742340239,822480,1058347,781312,277035,30798,0.9499465032584379,0.7382380259026576,22693,0.01700233535800956,5284,0.003958945050531993,1591,0.0011920290642309615,1230,0.0009215560961684994,0.39601373806403295,x264_crf12,541468,1367296,0.0983283795169444,mpeg4_q2,134444,1367296
mpeg4_q8,ambush_7,mpeg4,mpeg4_q,False,d1,True,217361,216280,830.5151999999999,39.07254398745132,16.0,16.0,,1,49,0,50,1,1,,,,0,49,79474,0.2546389738893435,2.499687301227,14.592218011856506,0.046996502000654305,0.023840485161954694,91.36441999282235,0.6162288276233068,0.04558530298609085,0.02809097781597199,822480,37493,1334699,1.0,0.024416741152874167,0.17335444171307537,0.037438094286236165,870477,1058347,826971,231376,32589,0.9500205059984353,0.7813798310006076,24024,0.01799956394662767,5731,0.004293852022066398,1593,0.0011935275294279834,1241,0.0009297976547521201,0.32870424545965177,x264_crf12,449436,1367296,0.07025545309867066,mpeg4_q2,96060,1367296
mpeg4_q8,ambush_7,mpeg4,mpeg4_q,False,d1,True,217361,216280,830.5151999999999,39.07254398745132,16.0,16.0,,1,49,0,50,1,1,,,,0,49,79474,0.2546389738893435,2.499687301227,14.592218011856506,0.046996502000654305,0.023840485161954694,91.36441999282235,0.6162288276233068,0.04558530298609085,0.02809097781597199,822480,37493,1334699,2.0,0.026803796211730135,0.159710166861592,0.039996198823871384,894460,1058347,845182,213165,35775,0.9449075419806363,0.7985868528941831,26930,0.02017683387790056,5998,0.0044938971258688286,1594,0.0011942767620264944,1253,0.0009387884459342518,0.2307678805467141,x264_crf12,315528,1367296,0.06120693690320165,mpeg4_q2,83688,1367296
mpeg4_q8,bandage_2,mpeg4,mpeg4_q,False,d1,True,368522,367441,1410.97344,36.59307013861679,16.0,16.0,,1,49,0,50,1,1,,,,0,49,86129,0.2061938559226519,0.8726051689828852,6.876818389477987,0.034262559648898745,0.020905495225613135,98.90305009591309,0.5542446769730905,0.09119187464789871,0.050542611106795185,741974,67662,1338712,0.5,0.028218914897304274,0.06279692719569258,0.050914182976761986,741974,737883,653816,84067,37777,0.881184515899479,0.8860700138097775,33633,0.02512340219554318,3239,0.0024194897782346017,829,0.0006192519376833852,76,5.6770985843108896e-05,0.12193409473881296,x264_crf12,166720,1367296,0.05363286369593709,mpeg4_q2,73332,1367296
mpeg4_q8,bandage_2,mpeg4,mpeg4_q,False,d1,True,368522,367441,1410.97344,36.59307013861679,16.0,16.0,,1,49,0,50,1,1,,,,0,49,86129,0.2061938559226519,0.8726051689828852,6.876818389477987,0.034262559648898745,0.020905495225613135,98.90305009591309,0.5542446769730905,0.09119187464789871,0.050542611106795185,741974,67662,1338712,1.0,0.029519418665104966,0.03480957816169572,0.048959496107944304,807157,737883,691283,46600,39518,0.8564418074798336,0.936846356400676,35314,0.026379086763994048,3292,0.002459080070993612,836,0.0006244808442741979,76,5.6770985843108896e-05,0.10121583036884478,x264_crf12,138392,1367296,0.04039505710541097,mpeg4_q2,55232,1367296
mpeg4_q8,bandage_2,mpeg4,mpeg4_q,False,d1,True,368522,367441,1410.97344,36.59307013861679,16.0,16.0,,1,49,0,50,1,1,,,,0,49,86129,0.2061938559226519,0.8726051689828852,6.876818389477987,0.034262559648898745,0.020905495225613135,98.90305009591309,0.5542446769730905,0.09119187464789871,0.050542611106795185,741974,67662,1338712,2.0,0.034252326116446255,0.02337844136752341,0.04925384517059034,930973,737883,706586,31297,45854,0.7589758242183178,0.9575854166581965,41361,0.030896115071800356,3506,0.002618935215341313,895,0.0006685530569681904,92,6.872277233639498e-05,0.07665201975285527,x264_crf12,104806,1367296,0.03177073581726268,mpeg4_q2,43440,1367296
mpeg4_q16,alley_1,mpeg4,mpeg4_q,False,d1,True,134420,133339,512.02176,33.86325061264066,32.0,32.0,,1,49,0,50,1,1,,,,0,49,86109,0.9463810617781948,1.271758545570694,7.066541253647831,0.036964777200989445,0.01827841228234417,98.67839178010347,0.31095564045104535,0.8991248140259752,0.2795879323908742,417397,375292,1342304,0.5,0.031504785801129996,0.0009386845304789378,0.10131601329190196,417397,2272,1012,1260,42289,0.0024245502483247364,0.4454225352112676,40299,0.030022260233151358,1819,0.001355132667413641,122,9.088850215748445e-05,49,3.650439840751424e-05,0.3039751451039131,x264_crf12,415624,1367296,0.15759279629282905,mpeg4_q2,215476,1367296
mpeg4_q16,alley_1,mpeg4,mpeg4_q,False,d1,True,134420,133339,512.02176,33.86325061264066,32.0,32.0,,1,49,0,50,1,1,,,,0,49,86109,0.9463810617781948,1.271758545570694,7.066541253647831,0.036964777200989445,0.01827841228234417,98.67839178010347,0.31095564045104535,0.8991248140259752,0.2795879323908742,417397,375292,1342304,1.0,0.03292771235130045,0.0003419493646744702,0.09221226826449247,479318,2272,1813,459,44199,0.0037824575751380088,0.797975352112676,42153,0.03140346747085608,1873,0.0013953620044341668,124,9.23784776026891e-05,49,3.650439840751424e-05,0.3428109202396555,x264_crf12,468724,1367296,0.18695878580790115,mpeg4_q2,255628,1367296
mpeg4_q16,alley_1,mpeg4,mpeg4_q,False,d1,True,134420,133339,512.02176,33.86325061264066,32.0,32.0,,1,49,0,50,1,1,,,,0,49,86109,0.9463810617781948,1.271758545570694,7.066541253647831,0.036964777200989445,0.01827841228234417,98.67839178010347,0.31095564045104535,0.8991248140259752,0.2795879323908742,417397,375292,1342304,2.0,0.03693425632345579,0.0001229229742293847,0.05638074659539988,879325,2272,2107,165,49577,0.002396156142495664,0.9273767605633803,47266,0.0352125896965218,2133,0.001589058812310773,126,9.386845304789377e-05,52,3.873936157532124e-05,0.2150214730387568,x264_crf12,293998,1367296,0.17304226736566186,mpeg4_q2,236600,1367296
mpeg4_q16,ambush_5,mpeg4,mpeg4_q,False,d1,True,200597,199516,766.14144,36.18074076598575,32.0,32.0,,1,49,0,50,1,1,,,,0,49,70397,3.806854090313315,8.719398111229884,56.18882122245958,0.10896771169225962,0.13566411369593712,84.78308144420009,0.3821846788339512,0.9526199611660803,0.36407675390906946,451667,430267,1181803,0.5,0.2984287567386443,0.0016288670785232395,0.7808496082290715,451667,6999,5074,1925,352684,0.011233940048752732,0.7249607086726675,191120,0.16171900054408392,69043,0.05842175049479482,62268,0.05268898454310913,30253,0.025599021156656396,0.3434369734132185,x264_crf12,469580,1367296,0.15104849279161206,mpeg4_q2,206528,1367296
mpeg4_q16,ambush_5,mpeg4,mpeg4_q,False,d1,True,200597,199516,766.14144,36.18074076598575,32.0,32.0,,1,49,0,50,1,1,,,,0,49,70397,3.806854090313315,8.719398111229884,56.18882122245958,0.10896771169225962,0.13566411369593712,84.78308144420009,0.3821846788339512,0.9526199611660803,0.36407675390906946,451667,430267,1181803,1.0,0.30052809139932796,0.0010585520598610767,0.7715879071222497,460304,6999,5748,1251,355165,0.012487399631547847,0.821260180025718,192871,0.16320063496200296,69600,0.058893064241671414,62403,0.052803216779784785,30291,0.025631175415868804,0.3404734600262123,x264_crf12,465528,1367296,0.15184422392810334,mpeg4_q2,207616,1367296
mpeg4_q16,ambush_5,mpeg4,mpeg4_q,False,d1,True,200597,199516,766.14144,36.18074076598575,32.0,32.0,,1,49,0,50,1,1,,,,0,49,70397,3.806854090313315,8.719398111229884,56.18882122245958,0.10896771169225962,0.13566411369593712,84.78308144420009,0.3821846788339512,0.9526199611660803,0.36407675390906946,451667,430267,1181803,2.0,0.3054832319769031,0.0007556250914915599,0.752429622744145,479807,6999,6106,893,361021,0.012725950225819965,0.8724103443349049,197941,0.16749069007271095,70151,0.05935930100025131,62591,0.05296229574641459,30338,0.025670945157526253,0.3248484600262123,x264_crf12,444164,1367296,0.15379844598389814,mpeg4_q2,210288,1367296
mpeg4_q16,ambush_7,mpeg4,mpeg4_q,False,d1,True,125098,124017,476.22528000000005,36.17958637507852,32.0,32.0,,1,49,0,50,1,1,,,,0,49,77204,0.25905627785330115,2.728735669641511,16.78632618095782,0.0474327755038599,0.023840485161954694,88.7256227808667,0.604701134862617,0.06661801475416743,0.0402839891241396,807094,53767,1334699,0.5,0.03499515621125063,0.23111428119748348,0.05787182162176897,807094,1058347,749879,308468,46708,0.9291098682433521,0.70853793699042,34747,0.026033585100460853,8785,0.006582008377918917,1988,0.0014894744058398185,1188,0.0008900883270310385,0.39626532952630594,x264_crf12,541812,1367296,0.14554566092492044,mpeg4_q2,199004,1367296
mpeg4_q16,ambush_7,mpeg4,mpeg4_q,False,d1,True,125098,124017,476.22528000000005,36.17958637507852,32.0,32.0,,1,49,0,50,1,1,,,,0,49,77204,0.25905627785330115,2.728735669641511,16.78632618095782,0.0474327755038599,0.023840485161954694,88.7256227808667,0.604701134862617,0.06661801475416743,0.0402839891241396,807094,53767,1334699,1.0,0.035825305930400786,0.19637761023271913,0.055921418104290126,855057,1058347,796242,262105,47816,0.9312151119749912,0.7523449303489309,35689,0.02673936220825819,8951,0.006706380989271739,1988,0.0014894744058398185,1188,0.0008900883270310385,0.3294356159895151,x264_crf12,450436,1367296,0.11385683860700244,mpeg4_q2,155676,1367296
mpeg4_q16,ambush_7,mpeg4,mpeg4_q,False,d1,True,125098,124017,476.22528000000005,36.17958637507852,32.0,32.0,,1,49,0,50,1,1,,,,0,49,77204,0.25905627785330115,2.728735669641511,16.78632618095782,0.0474327755038599,0.023840485161954694,88.7256227808667,0.604701134862617,0.06661801475416743,0.0402839891241396,807094,53767,1334699,2.0,0.038119456147041396,0.18365863764039683,0.058025592481923315,876820,1058347,813218,245129,50878,0.927462877215392,0.7683850381774597,38438,0.028799002621564863,9251,0.006931150768825031,1991,0.0014917221036353514,1198,0.0008975806530161482,0.2388451366785246,x264_crf12,326572,1367296,0.10306180958621981,mpeg4_q2,140916,1367296
mpeg4_q16,bandage_2,mpeg4,mpeg4_q,False,d1,True,163543,162462,623.85408,33.13716339543599,32.0,32.0,,1,49,0,50,1,1,,,,0,49,85483,0.22885851249250894,0.9400695422290609,7.5784351699428685,0.03353883228244212,0.020905495225613135,98.23427294294815,0.5585107177645379,0.10510709724014793,0.058703440321742094,747685,78587,1338712,0.5,0.03341794202188372,0.06815207453134058,0.05983402101152223,747685,737883,646647,91236,44737,0.8648655516694865,0.8763543813856668,39115,0.029218383042805322,4497,0.00335919899126922,1069,0.0007985287350826764,56,4.183125272650129e-05,0.13801254446732822,x264_crf12,188704,1367296,0.0761649269799663,mpeg4_q2,104140,1367296
mpeg4_q16,bandage_2,mpeg4,mpeg4_q,False,d1,True,163543,162462,623.85408,33.13716339543599,32.0,32.0,,1,49,0,50,1,1,,,,0,49,85483,0.22885851249250894,0.9400695422290609,7.5784351699428685,0.03353883228244212,0.020905495225613135,98.23427294294815,0.5585107177645379,0.10510709724014793,0.058703440321742094,747685,78587,1338712,1.0,0.0350082766121466,0.03943716049456492,0.05772065841898158,811945,737883,685088,52795,46866,0.8437615848364113,0.9284507164414955,40992,0.030620476995798947,4626,0.003455560269871339,1167,0.0008717334273540537,81,6.05059191222608e-05,0.11512649784684516,x264_crf12,157412,1367296,0.0623244710728328,mpeg4_q2,85216,1367296
mpeg4_q16,bandage_2,mpeg4,mpeg4_q,False,d1,True,163543,162462,623.85408,33.13716339543599,32.0,32.0,,1,49,0,50,1,1,,,,0,49,85483,0.22885851249250894,0.9400695422290609,7.5784351699428685,0.03353883228244212,0.020905495225613135,98.23427294294815,0.5585107177645379,0.10510709724014793,0.058703440321742094,747685,78587,1338712,2.0,0.040090026831760675,0.026217737646334685,0.05758698833860535,931964,737883,702785,35098,53669,0.7540902867492736,0.952434193496801,47434,0.03543256503265826,4935,0.0036863791465229266,1215,0.000907588786833912,85,6.349386574558232e-05,0.08828373665980153,x264_crf12,120710,1367296,0.05095312207451788,mpeg4_q2,69668,1367296
mpeg4_q31,alley_1,mpeg4,mpeg4_q,False,d1,True,98832,97751,375.36384000000004,31.43813734441259,62.0,62.0,,1,49,0,50,1,1,,,,0,49,84226,1.0889092859875515,1.4161059647682266,8.549398302683928,0.0360814950252891,0.01827841228234417,96.58542327222447,0.35329627267742625,0.8975857757084628,0.3171137089660762,474231,425663,1342304,0.5,0.03442364769828593,0.0006637840608386774,0.09743563790642114,474231,2272,1381,891,46207,0.002912082930048858,0.6078345070422535,43091,0.03210226595465707,2936,0.0021872839535604454,140,0.00010429828116432641,40,2.979950890409326e-05,0.34558135180677774,x264_crf12,472512,1367296,0.21203601853585471,mpeg4_q2,289916,1367296
mpeg4_q31,alley_1,mpeg4,mpeg4_q,False,d1,True,98832,97751,375.36384000000004,31.43813734441259,62.0,62.0,,1,49,0,50,1,1,,,,0,49,84226,1.0889092859875515,1.4161059647682266,8.549398302683928,0.0360814950252891,0.01827841228234417,96.58542327222447,0.35329627267742625,0.8975857757084628,0.3171137089660762,474231,425663,1342304,1.0,0.036228752950151384,0.00032183469616420724,0.09222716367808681,527285,2272,1840,432,48630,0.0034895739495718636,0.8098591549295775,45423,0.033839577323765704,3025,0.002253587860872053,142,0.00010578825660953108,40,2.979950890409326e-05,0.37738134244523497,x264_crf12,515992,1367296,0.23788557854334394,mpeg4_q2,325260,1367296
mpeg4_q31,alley_1,mpeg4,mpeg4_q,False,d1,True,98832,97751,375.36384000000004,31.43813734441259,62.0,62.0,,1,49,0,50,1,1,,,,0,49,84226,1.0889092859875515,1.4161059647682266,8.549398302683928,0.0360814950252891,0.01827841228234417,96.58542327222447,0.35329627267742625,0.8975857757084628,0.3171137089660762,474231,425663,1342304,2.0,0.040224867094190285,0.00014601759363005697,0.0616641579508779,875614,2272,2076,196,53994,0.0023709077287480556,0.9137323943661971,50478,0.03760549026152049,3331,0.002481554103988366,142,0.00010578825660953108,43,3.203447207190025e-05,0.22176178384197714,x264_crf12,303214,1367296,0.19511502995693691,mpeg4_q2,266780,1367296
mpeg4_q31,ambush_5,mpeg4,mpeg4_q,False,d1,True,168303,167222,642.13248,34.086785037024235,62.0,62.0,,1,49,0,50,1,1,,,,0,49,65369,4.53095334713408,9.383825490833953,61.86932911740446,0.10979210329055057,0.13566411369593712,78.59753275292076,0.3758587514162682,0.9646706034115955,0.3625798885262603,444191,428498,1181803,0.5,0.3085141939900305,0.0032805806043816103,0.8208248253566597,444191,6999,3122,3877,364603,0.007028508006690816,0.4460637233890556,199276,0.16862031996872576,73711,0.06237164738962416,62469,0.05285906365104844,29147,0.024663162980632137,0.3419127972289833,x264_crf12,467496,1367296,0.20466965455907132,mpeg4_q2,279844,1367296
mpeg4_q31,ambush_5,mpeg4,mpeg4_q,False,d1,True,168303,167222,642.13248,34.086785037024235,62.0,62.0,,1,49,0,50,1,1,,,,0,49,65369,4.53095334713408,9.383825490833953,61.86932911740446,0.10979210329055057,0.13566411369593712,78.59753275292076,0.3758587514162682,0.9646706034115955,0.3625798885262603,444191,428498,1181803,1.0,0.31067022168669395,0.0027043424327066355,0.812766475549554,451730,6999,3803,3196,367151,0.008418745710933522,0.5433633376196599,201284,0.1703194187186866,74093,0.06269488231118046,62593,0.05296398807584682,29181,0.02469193258098008,0.34092983523684706,x264_crf12,466152,1367296,0.20651563377644636,mpeg4_q2,282368,1367296
mpeg4_q31,ambush_5,mpeg4,mpeg4_q,False,d1,True,168303,167222,642.13248,34.086785037024235,62.0,62.0,,1,49,0,50,1,1,,,,0,49,65369,4.53095334713408,9.383825490833953,61.86932911740446,0.10979210329055057,0.13566411369593712,78.59753275292076,0.3758587514162682,0.9646706034115955,0.3625798885262603,444191,428498,1181803,2.0,0.3157624409482799,0.0025097245479999628,0.7961295332697571,468729,6999,4033,2966,373169,0.008604118797855477,0.5762251750250036,206333,0.17459170437035615,74809,0.06330073624791949,62787,0.05312814403077332,29240,0.02474185629923092,0.33219727111027897,x264_crf12,454212,1367296,0.20920122636210448,mpeg4_q2,286040,1367296
mpeg4_q31,ambush_7,mpeg4,mpeg4_q,False,d1,True,106333,105252,404.16768,33.71775013174927,62.0,62.0,,1,49,0,50,1,1,,,,0,49,73168,0.2569452701693777,2.3503383363795254,16.68265170276422,0.045252022742182374,0.023840485161954694,84.22490763835143,0.5942313585310246,0.08013163203550534,0.047616728565766514,793120,63554,1334699,0.5,0.04204693342843593,0.2490351757212675,0.07075852330038329,793120,1058347,725960,332387,56120,0.9153217671979019,0.6859375989160454,38944,0.029178114316411416,13229,0.00991159804570169,2341,0.0017539535131141928,1606,0.001203267553208626,0.4000187230855645,x264_crf12,546944,1367296,0.18489632091368657,mpeg4_q2,252808,1367296
mpeg4_q31,ambush_7,mpeg4,mpeg4_q,False,d1,True,106333,105252,404.16768,33.71775013174927,62.0,62.0,,1,49,0,50,1,1,,,,0,49,73168,0.2569452701693777,2.3503383363795254,16.68265170276422,0.045252022742182374,0.023840485161954694,84.22490763835143,0.5942313585310246,0.08013163203550534,0.047616728565766514,793120,63554,1334699,1.0,0.04276095209481688,0.21653646252825542,0.0681082371192458,837975,1058347,769336,289011,57073,0.9180894418091232,0.7269222665156135,39658,0.02971306639174825,13426,0.010059196867608353,2347,0.0017584489087052587,1642,0.0012302399267550212,0.3385046105598203,x264_crf12,462836,1367296,0.15481358827934844,mpeg4_q2,211676,1367296
mpeg4_q31,ambush_7,mpeg4,mpeg4_q,False,d1,True,106333,105252,404.16768,33.71775013174927,62.0,62.0,,1,49,0,50,1,1,,,,0,49,73168,0.2569452701693777,2.3503383363795254,16.68265170276422,0.045252022742182374,0.023840485161954694,84.22490763835143,0.5942313585310246,0.08013163203550534,0.047616728565766514,793120,63554,1334699,2.0,0.044950958980264466,0.2048821494584172,0.06994211903776543,857795,1058347,784891,273456,59996,0.9150099965609498,0.7416197145170724,42336,0.031719511290560644,13640,0.0102195326436897,2369,0.0017749320258725,1651,0.00123698302014162,0.2580362993821382,x264_crf12,352812,1367296,0.14350074892342257,mpeg4_q2,196208,1367296
mpeg4_q31,bandage_2,mpeg4,mpeg4_q,False,d1,True,103098,102017,391.74528000000004,30.36006682581094,62.0,62.0,,1,49,0,50,1,1,,,,0,49,82401,0.2745095603651236,1.0570363258158475,8.699856823490995,0.03372531886748947,0.020905495225613135,94.64388158169942,0.5452793431298143,0.12394174023113215,0.06758287069959783,729972,90474,1338712,0.5,0.03777511518534233,0.09278769444062651,0.06927662978853984,729972,737883,613667,124216,50570,0.8406719709797088,0.8316589486409092,42746,0.03193069159012543,6570,0.004907702328805598,1173,0.000876215347289036,81,6.05059191222608e-05,0.17553477813143606,x264_crf12,240008,1367296,0.12688108500280845,mpeg4_q2,173484,1367296
mpeg4_q31,bandage_2,mpeg4,mpeg4_q,False,d1,True,103098,102017,391.74528000000004,30.36006682581094,62.0,62.0,,1,49,0,50,1,1,,,,0,49,82401,0.2745095603651236,1.0570363258158475,8.699856823490995,0.03372531886748947,0.020905495225613135,94.64388158169942,0.5452793431298143,0.12394174023113215,0.06758287069959783,729972,90474,1338712,1.0,0.039734461183585416,0.06757913576631867,0.06764742912299845,786327,737883,647414,90469,53193,0.8233393995119079,0.8773938415710891,45163,0.033736158337267466,6737,0.005032449100329271,1208,0.0009023598802430994,85,6.349386574558232e-05,0.15277160175997004,x264_crf12,208884,1367296,0.11379832896461337,mpeg4_q2,155596,1367296
mpeg4_q31,bandage_2,mpeg4,mpeg4_q,False,d1,True,103098,102017,391.74528000000004,30.36006682581094,62.0,62.0,,1,49,0,50,1,1,,,,0,49,82401,0.2745095603651236,1.0570363258158475,8.699856823490995,0.03372531886748947,0.020905495225613135,94.64388158169942,0.5452793431298143,0.12394174023113215,0.06758287069959783,729972,90474,1338712,2.0,0.04504628329319525,0.053933183537609286,0.06728059390431393,896306,737883,665682,72201,60304,0.7426950171035338,0.9021511540447469,51952,0.038807450743699914,6962,0.005200521097891107,1283,0.0009583838794303778,107,7.992757217385068e-05,0.1256977274854896,x264_crf12,171866,1367296,0.10161077045497098,mpeg4_q2,138932,1367296
x264_crf23_veryslow,alley_1,libx264,preset,False,d1,True,288523,287480,1103.9232,41.01752390272308,25.73828125,26.625546647230323,,1,49,0,50,1,1,1,0,,0,49,120993,0.23553730933571232,0.5814558386856177,3.2095634848759285,0.034542656625241905,0.01827841228234417,98.64695329820965,0.0015652192051874986,0.6258924321751547,0.000979658855222066,2101,1315,1342304,0.5,0.000258510739743009,0.0011957052947767421,0.05198501872659176,6675,2272,667,1605,347,0.0999250936329588,0.2935739436619718,314,0.0002339261448971321,33,2.458459484587694e-05,0,0.0,0,0.0,0.007650135742370343,x264_crf12,10460,1367296,0.007650135742370343,x264_crf12,10460,1367296
x264_crf23_veryslow,alley_1,libx264,preset,False,d1,True,288523,287480,1103.9232,41.01752390272308,25.73828125,26.625546647230323,,1,49,0,50,1,1,1,0,,0,49,120993,0.23553730933571232,0.5814558386856177,3.2095634848759285,0.034542656625241905,0.01827841228234417,98.64695329820965,0.0015652192051874986,0.6258924321751547,0.000979658855222066,2101,1315,1342304,1.0,0.0007569075261639689,0.0005512909147257254,0.011826880543850254,85906,2272,1532,740,1016,0.017833445859427748,0.6742957746478874,953,0.0007099732996400219,63,4.6934226523946886e-05,0,0.0,0,0.0,0.08408128159520689,x264_crf12,114964,1367296,0.08408128159520689,x264_crf12,114964,1367296
x264_crf23_veryslow,alley_1,libx264,preset,False,d1,True,288523,287480,1103.9232,41.01752390272308,25.73828125,26.625546647230323,,1,49,0,50,1,1,1,0,,0,49,120993,0.23553730933571232,0.5814558386856177,3.2095634848759285,0.034542656625241905,0.01827841228234417,98.64695329820965,0.0015652192051874986,0.6258924321751547,0.000979658855222066,2101,1315,1342304,2.0,0.0064545736286266,0.00016389729897251293,0.00885286706598574,978666,2272,2052,220,8664,0.0020967316735229385,0.903169014084507,8415,0.00626907168569862,247,0.0001840119674827759,2,1.489975445204663e-06,0,0.0,0.0727991598015353,x264_crf12,99538,1367296,0.0727991598015353,x264_crf12,99538,1367296
x264_crf23_veryslow,ambush_5,libx264,preset,False,d1,True,379480,378437,1453.1980800000001,42.814457479257705,25.544642857142858,26.557397959183675,,1,49,0,50,1,1,1,0,,0,49,86574,1.2460991102850998,6.184239866017826,35.54394979572927,0.07114578117175764,0.13566411369593712,80.08619033798357,0.015035500840664646,0.825932804322134,0.012418313373717954,17769,14676,1181803,0.5,0.008751881658787463,0.004862908623518471,0.4121866656039533,25093,6999,1252,5747,10343,0.04989439285856613,0.1788826975282183,6331,0.005357068817730197,1087,0.0009197810464180578,2436,0.0020612572484584994,489,0.0004137745461807086,0.025478023778318665,x264_crf12,34836,1367296,0.025478023778318665,x264_crf12,34836,1367296
x264_crf23_veryslow,ambush_5,libx264,preset,False,d1,True,379480,378437,1453.1980800000001,42.814457479257705,25.544642857142858,26.557397959183675,,1,49,0,50,1,1,1,0,,0,49,86574,1.2460991102850998,6.184239866017826,35.54394979572927,0.07114578117175764,0.13566411369593712,80.08619033798357,0.015035500840664646,0.825932804322134,0.012418313373717954,17769,14676,1181803,1.0,0.01319170792424795,0.003933819765223138,0.36828801587489074,42331,6999,2350,4649,15590,0.05551487089839598,0.33576225175025004,9783,0.00827802941776252,1717,0.0014528648175711181,3422,0.0028955756585488444,668,0.000565238030365467,0.03821849840853773,x264_crf12,52256,1367296,0.03821849840853773,x264_crf12,52256,1367296
x264_crf23_veryslow,ambush_5,libx264,preset,False,d1,True,379480,378437,1453.1980800000001,42.814457479257705,25.544642857142858,26.557397959183675,,1,49,0,50,1,1,1,0,,0,49,86574,1.2460991102850998,6.184239866017826,35.54394979572927,0.07114578117175764,0.13566411369593712,80.08619033798357,0.015035500840664646,0.825932804322134,0.012418313373717954,17769,14676,1181803,2.0,0.027045116656498586,0.002478416453503672,0.30300329907853324,105484,6999,4070,2929,31962,0.03858405066171173,0.5815116445206459,22011,0.018624931566428585,3415,0.0028896525055360327,5252,0.004444057089041067,1284,0.0010864754954929036,0.05947212600636585,x264_crf12,81316,1367296,0.05947212600636585,x264_crf12,81316,1367296
x264_crf23_veryslow,ambush_7,libx264,preset,False,d1,True,252600,251557,965.97888,43.71703324360258,23.775669642857142,25.53708090379009,,1,49,0,50,1,1,1,0,,0,49,99035,0.7702409233864794,3.8243350750348144,23.27915805401316,0.04176322092044792,0.023840485161954694,89.23629972001177,0.1712475996460625,0.003876375982219422,0.000663820082280724,228564,886,1334699,0.5,0.0006480861977119935,0.5268506232491371,0.0024232610650582564,356957,1058347,355160,703187,865,0.9949657801920119,0.3355799184955407,599,0.0004487903265080741,233,0.00017457119545305721,1,7.492325985109751e-07,32,2.3975443152351203e-05,0.17440261655120765,x264_crf12,238460,1367296,0.17440261655120765,x264_crf12,238460,1367296
x264_crf23_veryslow,ambush_7,libx264,preset,False,d1,True,252600,251557,965.97888,43.71703324360258,23.775669642857142,25.53708090379009,,1,49,0,50,1,1,1,0,,0,49,99035,0.7702409233864794,3.8243350750348144,23.27915805401316,0.04176322092044792,0.023840485161954694,89.23629972001177,0.1712475996460625,0.003876375982219422,0.000663820082280724,228564,886,1334699,1.0,0.0009417853763282958,0.4448643476918766,0.0026865461104924908,467887,1058347,464587,593760,1257,0.9929470149843873,0.43897417387680976,970,0.0007267556205556459,249,0.00018655891702923282,2,1.4984651970219502e-06,36,2.6972373546395105e-05,0.16092930865006552,x264_crf12,220038,1367296,0.16092930865006552,x264_crf12,220038,1367296
x264_crf23_veryslow,ambush_7,libx264,preset,False,d1,True,252600,251557,965.97888,43.71703324360258,23.775669642857142,25.53708090379009,,1,49,0,50,1,1,1,0,,0,49,99035,0.7702409233864794,3.8243350750348144,23.27915805401316,0.04176322092044792,0.023840485161954694,89.23629972001177,0.1712475996460625,0.003876375982219422,0.000663820082280724,228564,886,1334699,2.0,0.0036427688939603613,0.3242573793791709,0.007616559044781357,638346,1058347,625561,432786,4862,0.9799716768022357,0.5910736270807212,4512,0.00338053748448152,294,0.0002202743839622267,4,2.9969303940439004e-06,52,3.896009512257071e-05,0.13795403482493915,x264_crf12,188624,1367296,0.13795403482493915,x264_crf12,188624,1367296
x264_crf23_veryslow,bandage_2,libx264,preset,False,d1,True,414963,413920,1589.4528,40.34577287667578,23.949776785714285,27.17088420189505,,1,49,0,50,1,1,1,0,,0,49,127049,0.14711365065911441,0.716905124808573,5.492969779817409,0.02745563534927889,0.020905495225613135,97.55974399273332,0.4328952007601336,0.005021379688777993,0.0021737311684664066,579522,2910,1338712,0.5,0.0021244300491816016,0.07818111737251926,0.004405996120740405,645484,737883,633221,104662,2844,0.9810018528731929,0.8581590848413637,2748,0.0020527193302218847,46,3.436138616819749e-05,36,2.689151960989369e-05,14,1.0457813181625323e-05,0.061525814454222054,x264_crf12,84124,1367296,0.061525814454222054,x264_crf12,84124,1367296
x264_crf23_veryslow,bandage_2,libx264,preset,False,d1,True,414963,413920,1589.4528,40.34577287667578,23.949776785714285,27.17088420189505,,1,49,0,50,1,1,1,0,,0,49,127049,0.14711365065911441,0.716905124808573,5.492969779817409,0.02745563534927889,0.020905495225613135,97.55974399273332,0.4328952007601336,0.005021379688777993,0.0021737311684664066,579522,2910,1338712,1.0,0.003730451359216919,0.045841077094998774,0.006762136369298764,738524,737883,676515,61368,4994,0.9160365810725176,0.9168323433389847,4840,0.0036154154142190404,101,7.54456522388684e-05,39,2.913247957738483e-05,14,1.0457813181625323e-05,0.05540570586032578,x264_crf12,75756,1367296,0.05540570586032578,x264_crf12,75756,1367296
x264_crf23_veryslow,bandage_2,libx264,preset,False,d1,True,414963,413920,1589.4528,40.34577287667578,23.949776785714285,27.17088420189505,,1,49,0,50,1,1,1,0,,0,49,127049,0.14711365065911441,0.716905124808573,5.492969779817409,0.02745563534927889,0.020905495225613135,97.55974399273332,0.4328952007601336,0.005021379688777993,0.0021737311684664066,579522,2910,1338712,2.0,0.012207255929580075,0.025590268855437165,0.01799857042317897,907961,737883,703625,34258,16342,0.7749506862078878,0.9535725853556729,15918,0.011890533587507992,353,0.00026368628950812424,57,4.257823938233168e-05,14,1.0457813181625323e-05,0.04154184609623666,x264_crf12,56800,1367296,0.04154184609623666,x264_crf12,56800,1367296
